1 0.6085783296875 0.1858295640625 0.7062345796875 0.1858295640625 0.7062345796875 0.262926603125 0.6085783296875 0.262926603125
2 0.7036646796875 0.530196340625 0.8398694484375 0.530196340625 0.8398694484375 0.666401109375 0.7036646796875 0.666401109375
2 0.55075555 0.4351099921875 0.724223890625 0.4351099921875 0.724223890625 0.6304224921875 0.55075555 0.6304224921875
1 0.7447831 0.8000359781249999 0.847579153125 0.8000359781249999 0.847579153125 0.90283203125 0.7447831 0.90283203125
3 0.8797029203125 0.8077456812499999 0.93881065 0.8077456812499999 0.93881065 0.8886975734375 0.8797029203125 0.8886975734375
3 0.401701275 0.6214278375 0.4916478203125 0.6214278375 0.4916478203125 0.713944284375 0.401701275 0.713944284375
3 0.248792146875 0.694670025 0.3130396796875 0.694670025 0.3130396796875 0.787186471875 0.248792146875 0.787186471875
1 0.189684415625 0.5379060453125 0.2397974921875 0.5379060453125 0.2397974921875 0.615003084375 0.189684415625 0.615003084375
1 0.004651521875 0.2051038234375 0.11901213125000001 0.2051038234375 0.11901213125000001 0.324604234375 0.004651521875 0.324604234375
1 0.2911955171875 0.113872328125 0.397846421875 0.113872328125 0.397846421875 0.1909693671875 0.2911955171875 0.1909693671875
1 0.41583573281249997 0.3695775078125 0.5250565375 0.3695775078125 0.5250565375 0.48650801718750003 0.41583573281249997 0.48650801718750003
3 0.0374177640625 0.848221628125 0.1479235203125 0.848221628125 0.1479235203125 0.9651521390625 0.0374177640625 0.9651521390625
3 0.0990953953125 0.00914885 0.1813322359375 0.00914885 0.1813322359375 0.0849609375 0.0990953953125 0.0849609375
1 0.6724330359375 0.30524553593750003 0.7516741078125 0.30524553593750003 0.7516741078125 0.3844866078125 0.6724330359375 0.3844866078125
3 0.9291294656250001 0.54296875 0.99609375 0.54296875 0.99609375 0.6244419640625 0.9291294656250001 0.6244419640625
1 0.5106026781249999 0.6969866078125 0.6065848218750001 0.6969866078125 0.6065848218750001 0.8286830359374999 0.5106026781249999 0.8286830359374999
3 0.17243303593749998 0.9481026781249999 0.27399553593750003 0.9481026781249999 0.27399553593750003 0.9972098218750001 0.17243303593749998 0.9972098218750001
3 0.2760920234375 0.537228071875 0.3796831828125 0.537228071875 0.3796831828125 0.64513553125 0.2760920234375 0.64513553125