1 0.2937654203125 0.1858295640625 0.3914216703125 0.1858295640625 0.3914216703125 0.262926603125 0.2937654203125 0.262926603125
2 0.1601305515625 0.530196340625 0.2963353203125 0.530196340625 0.2963353203125 0.666401109375 0.1601305515625 0.666401109375
2 0.275776109375 0.4351099921875 0.44924445 0.4351099921875 0.44924445 0.6304224921875 0.275776109375 0.6304224921875
1 0.152420846875 0.8000359781249999 0.2552169 0.8000359781249999 0.2552169 0.90283203125 0.152420846875 0.90283203125
3 0.061189349999999997 0.8077456812499999 0.1202970796875 0.8077456812499999 0.1202970796875 0.8886975734375 0.061189349999999997 0.8886975734375
3 0.5083521796875 0.6214278375 0.598298725 0.6214278375 0.598298725 0.713944284375 0.5083521796875 0.713944284375
3 0.6869603203125 0.694670025 0.751207853125 0.694670025 0.751207853125 0.787186471875 0.6869603203125 0.787186471875
1 0.7602025078125 0.5379060453125 0.8103155843750001 0.5379060453125 0.8103155843750001 0.615003084375 0.7602025078125 0.615003084375
1 0.8809878687499999 0.2051038234375 0.9953484781249999 0.2051038234375 0.9953484781249999 0.324604234375 0.8809878687499999 0.324604234375
1 0.602153578125 0.113872328125 0.7088044828125 0.113872328125 0.7088044828125 0.1909693671875 0.602153578125 0.1909693671875
1 0.4749434625 0.3695775078125 0.5841642671875 0.3695775078125 0.5841642671875 0.48650801718750003 0.4749434625 0.48650801718750003
3 0.8520764796875 0.848221628125 0.9625822359375 0.848221628125 0.9625822359375 0.9651521390625 0.8520764796875 0.9651521390625
3 0.8186677640625 0.00914885 0.9009046046875 0.00914885 0.9009046046875 0.0849609375 0.8186677640625 0.0849609375
1 0.2483258921875 0.30524553593750003 0.32756696406249997 0.30524553593750003 0.32756696406249997 0.3844866078125 0.2483258921875 0.3844866078125
3 0.00390625 0.54296875 0.070870534375 0.54296875 0.070870534375 0.6244419640625 0.00390625 0.6244419640625
1 0.39341517812500004 0.6969866078125 0.489397321875 0.6969866078125 0.489397321875 0.8286830359374999 0.39341517812500004 0.8286830359374999
3 0.7260044640625 0.9481026781249999 0.8275669640625001 0.9481026781249999 0.8275669640625001 0.9972098218750001 0.7260044640625 0.9972098218750001
3 0.6203168171875 0.537228071875 0.7239079765625 0.537228071875 0.7239079765625 0.64513553125 0.6203168171875 0.64513553125