3 0.180245534375 0.8309151781249999 0.2594866078125 0.8309151781249999 0.2594866078125 0.9202008921875 0.180245534375 0.9202008921875
3 0.45926339218749995 0.0161830359375 0.5786830359375 0.0161830359375 0.5786830359375 0.112165178125 0.45926339218749995 0.112165178125
3 0.49051339218749995 0.9190848218750001 0.62109375 0.9190848218750001 0.62109375 0.9927455359374999 0.49051339218749995 0.9927455359374999
3 0.7159598218750001 0.8443080359374999 0.8387276781249999 0.8443080359374999 0.8387276781249999 0.93359375 0.7159598218750001 0.93359375
3 0.6880580359375 0.74609375 0.80078125 0.74609375 0.80078125 0.8454241078125 0.6880580359375 0.8454241078125
3 0.45145089218749995 0.7271205359375 0.5329241078125 0.7271205359375 0.5329241078125 0.8253348218750001 0.45145089218749995 0.8253348218750001
3 0.48046875 0.6233258921875 0.6043526781249999 0.6233258921875 0.6043526781249999 0.7472098218750001 0.48046875 0.7472098218750001
3 0.463727678125 0.5106026781249999 0.5797991078125 0.5106026781249999 0.5797991078125 0.6199776781249999 0.463727678125 0.6199776781249999
1 0.32756696406249997 0.6244419640625 0.39341517812500004 0.6244419640625 0.39341517812500004 0.6981026781249999 0.32756696406249997 0.6981026781249999
3 0.6780133921875 0.448102678125 0.7672991078125 0.448102678125 0.7672991078125 0.5139508921875 0.6780133921875 0.5139508921875
3 0.7527901781249999 0.104352678125 0.8443080359374999 0.104352678125 0.8443080359374999 0.2014508921875 0.7527901781249999 0.2014508921875
3 0.8487723218750001 0.164620534375 0.9849330359374999 0.164620534375 0.9849330359374999 0.2483258921875 0.8487723218750001 0.2483258921875
3 0.8309151781249999 0.11104910781249999 0.9581473218750001 0.11104910781249999 0.9581473218750001 0.182477678125 0.8309151781249999 0.182477678125
3 0.7907366078125 0.0016741078125 0.92578125 0.0016741078125 0.92578125 0.096540178125 0.7907366078125 0.096540178125
3 0.35881696406249997 0.08203125 0.419084821875 0.08203125 0.419084821875 0.161272321875 0.35881696406249997 0.161272321875
3 0.5574776781249999 0.36216517812500004 0.6467633921875 0.36216517812500004 0.6467633921875 0.46707589218749995 0.5574776781249999 0.46707589218749995
3 0.40680803593750003 0.32868303593750003 0.5239955359375 0.32868303593750003 0.5239955359375 0.43805803593750003 0.40680803593750003 0.43805803593750003
3 0.7762276781249999 0.36774553593750003 0.8666294640625001 0.36774553593750003 0.8666294640625001 0.455915178125 0.7762276781249999 0.455915178125
3 0.67578125 0.6177455359375 0.7717633921875 0.6177455359375 0.7717633921875 0.7137276781249999 0.67578125 0.7137276781249999
3 0.7650669640625 0.6713169640625 0.8487723218750001 0.6713169640625 0.8487723218750001 0.7483258921875 0.7650669640625 0.7483258921875
1 0.7706473218750001 0.5876116078125 0.8342633921875 0.5876116078125 0.8342633921875 0.6724330359375 0.7706473218750001 0.6724330359375
3 0.8510044640625001 0.6333705359375 0.9202008921875 0.6333705359375 0.9202008921875 0.7081473218750001 0.8510044640625001 0.7081473218750001
3 0.8331473218750001 0.49944196406249997 0.9146205359374999 0.49944196406249997 0.9146205359374999 0.5775669640625 0.8331473218750001 0.5775669640625
3 0.9034598218750001 0.3889508921875 0.998046875 0.3889508921875 0.998046875 0.483537946875 0.9034598218750001 0.483537946875
3 0.8989955359374999 0.26060267812500004 0.9972098218750001 0.26060267812500004 0.9972098218750001 0.35658482187499996 0.8989955359374999 0.35658482187499996
1 0.39453125 0.22377232187499999 0.49386160781250005 0.22377232187499999 0.49386160781250005 0.30970982187499996 0.39453125 0.30970982187499996
2 0.2494419640625 0.8722098218750001 0.432477678125 0.8722098218750001 0.432477678125 0.9681919640625001 0.2494419640625 0.9681919640625001
3 0.6356026781249999 0.3454241078125 0.7248883921875 0.3454241078125 0.7248883921875 0.44363839218749995 0.6356026781249999 0.44363839218749995