3 0.7405133921875 0.8309151781249999 0.8197544656250001 0.8309151781249999 0.8197544656250001 0.9202008921875 0.7405133921875 0.9202008921875
3 0.42131696406249997 0.0161830359375 0.5407366078125 0.0161830359375 0.5407366078125 0.112165178125 0.42131696406249997 0.112165178125
3 0.37890625 0.9190848218750001 0.5094866078125 0.9190848218750001 0.5094866078125 0.9927455359374999 0.37890625 0.9927455359374999
3 0.161272321875 0.8443080359374999 0.28404017812500004 0.8443080359374999 0.28404017812500004 0.93359375 0.161272321875 0.93359375
3 0.19921875 0.74609375 0.31194196406249997 0.74609375 0.31194196406249997 0.8454241078125 0.19921875 0.8454241078125
3 0.46707589218749995 0.7271205359375 0.5485491078125 0.7271205359375 0.5485491078125 0.8253348218750001 0.46707589218749995 0.8253348218750001
3 0.39564732187499996 0.6233258921875 0.51953125 0.6233258921875 0.51953125 0.7472098218750001 0.39564732187499996 0.7472098218750001
3 0.42020089218749995 0.5106026781249999 0.5362723218750001 0.5106026781249999 0.5362723218750001 0.6199776781249999 0.42020089218749995 0.6199776781249999
1 0.6065848218750001 0.6244419640625 0.6724330359375 0.6244419640625 0.6724330359375 0.6981026781249999 0.6065848218750001 0.6981026781249999
3 0.2327008921875 0.448102678125 0.3219866078125 0.448102678125 0.3219866078125 0.5139508921875 0.2327008921875 0.5139508921875
3 0.15569196406250002 0.104352678125 0.24720982187499999 0.104352678125 0.24720982187499999 0.2014508921875 0.15569196406250002 0.2014508921875
3 0.015066964062499999 0.164620534375 0.151227678125 0.164620534375 0.151227678125 0.2483258921875 0.015066964062499999 0.2483258921875
3 0.041852678125 0.11104910781249999 0.169084821875 0.11104910781249999 0.169084821875 0.182477678125 0.041852678125 0.182477678125
3 0.07421875 0.0016741078125 0.2092633921875 0.0016741078125 0.2092633921875 0.096540178125 0.07421875 0.096540178125
3 0.5809151781249999 0.08203125 0.6411830359375 0.08203125 0.6411830359375 0.161272321875 0.5809151781249999 0.161272321875
3 0.3532366078125 0.36216517812500004 0.442522321875 0.36216517812500004 0.442522321875 0.46707589218749995 0.3532366078125 0.46707589218749995
3 0.47600446406249997 0.32868303593750003 0.5931919640625 0.32868303593750003 0.5931919640625 0.43805803593750003 0.47600446406249997 0.43805803593750003
3 0.13337053593749998 0.36774553593750003 0.22377232187499999 0.36774553593750003 0.22377232187499999 0.455915178125 0.13337053593749998 0.455915178125
3 0.2282366078125 0.6177455359375 0.32421875 0.6177455359375 0.32421875 0.7137276781249999 0.2282366078125 0.7137276781249999
3 0.151227678125 0.6713169640625 0.2349330359375 0.6713169640625 0.2349330359375 0.7483258921875 0.151227678125 0.7483258921875
1 0.1657366078125 0.5876116078125 0.22935267812500001 0.5876116078125 0.22935267812500001 0.6724330359375 0.1657366078125 0.6724330359375
3 0.0797991078125 0.6333705359375 0.14899553593749998 0.6333705359375 0.14899553593749998 0.7081473218750001 0.0797991078125 0.7081473218750001
3 0.0853794640625 0.49944196406249997 0.166852678125 0.49944196406249997 0.166852678125 0.5775669640625 0.0853794640625 0.5775669640625
3 0.001953125 0.3889508921875 0.096540178125 0.3889508921875 0.096540178125 0.483537946875 0.001953125 0.483537946875
3 0.002790178125 0.26060267812500004 0.10100446406250001 0.26060267812500004 0.10100446406250001 0.35658482187499996 0.002790178125 0.35658482187499996
1 0.5061383921875 0.22377232187499999 0.60546875 0.22377232187499999 0.60546875 0.30970982187499996 0.5061383921875 0.30970982187499996
2 0.5675223218750001 0.8722098218750001 0.7505580359375 0.8722098218750001 0.7505580359375 0.9681919640625001 0.5675223218750001 0.9681919640625001
3 0.2751116078125 0.3454241078125 0.36439732187499996 0.3454241078125 0.36439732187499996 0.44363839218749995 0.2751116078125 0.44363839218749995