2 0.481584821875 0.1344866078125 0.5909598218750001 0.1344866078125 0.5909598218750001 0.2717633921875 0.481584821875 0.2717633921875
3 0.3376116078125 0.05078125 0.434709821875 0.05078125 0.434709821875 0.1579241078125 0.3376116078125 0.1579241078125
2 0.3030133921875 0.2025669640625 0.42243303593750003 0.2025669640625 0.42243303593750003 0.31752232187499996 0.3030133921875 0.31752232187499996
2 0.2126116078125 0.30970982187499996 0.3264508921875 0.30970982187499996 0.3264508921875 0.5463169640625 0.2126116078125 0.5463169640625
2 0.028459821875000003 0.44140625 0.140066965625 0.44140625 0.140066965625 0.5597098218750001 0.028459821875000003 0.5597098218750001
2 0.046316965625 0.40011160781250005 0.153459821875 0.40011160781250005 0.153459821875 0.46149553593750003 0.046316965625 0.46149553593750003
2 0.056361607812500006 0.2717633921875 0.1623883921875 0.2717633921875 0.1623883921875 0.41573660781250005 0.056361607812500006 0.41573660781250005
3 0.11774553437499999 0.061941965625 0.2103794640625 0.061941965625 0.2103794640625 0.198102678125 0.11774553437499999 0.198102678125
3 0.5128348218750001 0.38783482187499996 0.58203125 0.38783482187499996 0.58203125 0.489397321875 0.5128348218750001 0.489397321875
2 0 0.5442761484374999 0.11551339218750001 0.5442761484374999 0.11551339218750001 0.7114955359375 0 0.7114955359375
2 0 0.7010728687500001 0.135602678125 0.7010728687500001 0.135602678125 0.8454241078125 0 0.8454241078125
0 0.053013392187499994 0.9001116078125 0.1767777421875 0.9001116078125 0.1767777421875 0.998046875 0.053013392187499994 0.998046875
3 0.194754465625 0.62890625 0.2483258921875 0.62890625 0.2483258921875 0.6936383921875 0.194754465625 0.6936383921875
1 0.6199776781249999 0.3577008921875 0.7416294640625 0.3577008921875 0.7416294640625 0.43694196406249997 0.6199776781249999 0.43694196406249997