2 0.36774553593750003 0.10323660781249999 0.5318080359375 0.10323660781249999 0.5318080359375 0.35100446406249997 0.36774553593750003 0.35100446406249997
2 0.46707589218749995 0 0.5987723218750001 0 0.5987723218750001 0.11886160781249999 0.46707589218749995 0.11886160781249999
2 0.6389508921875 0.0139508921875 0.7806919640625 0.0139508921875 0.7806919640625 0.186941965625 0.6389508921875 0.186941965625
2 0.58984375 0.1623883921875 0.7114955359375 0.1623883921875 0.7114955359375 0.26953125 0.58984375 0.26953125
2 0.5641741078125 0.23939732187499999 0.6847098218750001 0.23939732187499999 0.6847098218750001 0.34877232187499996 0.5641741078125 0.34877232187499996
3 0.55078125 0.32756696406249997 0.6467633921875 0.32756696406249997 0.6467633921875 0.42131696406249997 0.55078125 0.42131696406249997
3 0.32087053593750003 0.35435267812500004 0.45703125 0.35435267812500004 0.45703125 0.46930803593750003 0.32087053593750003 0.46930803593750003
3 0.32310267812500004 0.46261160781250005 0.41462053593750003 0.46261160781250005 0.41462053593750003 0.5340401781249999 0.32310267812500004 0.5340401781249999
2 0.2717633921875 0.5139508921875 0.42578125 0.5139508921875 0.42578125 0.7103794640625 0.2717633921875 0.7103794640625
3 0.1545758921875 0.8353794640625001 0.24609375 0.8353794640625001 0.24609375 0.9358258921875 0.1545758921875 0.9358258921875
3 0.2873883921875 0.87890625 0.401227678125 0.87890625 0.401227678125 0.9704241078125 0.2873883921875 0.9704241078125
3 0.35881696406249997 0.8175223218750001 0.46819196406249997 0.8175223218750001 0.46819196406249997 0.9123883921875 0.35881696406249997 0.9123883921875
2 0.419084821875 0.6635044640625 0.5172991078125 0.6635044640625 0.5172991078125 0.8264508921875 0.419084821875 0.8264508921875
3 0.45256696406249997 0.5809151781249999 0.5385044640625 0.5809151781249999 0.5385044640625 0.6646205359375 0.45256696406249997 0.6646205359375
3 0.47712053593750003 0.49162946406249997 0.5954241078125 0.49162946406249997 0.5954241078125 0.5920758921875 0.47712053593750003 0.5920758921875
3 0.5262276781249999 0.416852678125 0.6266741078125 0.416852678125 0.6266741078125 0.5139508921875 0.5262276781249999 0.5139508921875
3 0.55859375 0.8722098218750001 0.6947544640625 0.8722098218750001 0.6947544640625 0.9938616078125 0.55859375 0.9938616078125
3 0.6088169640625 0.7918526781249999 0.7293526781249999 0.7918526781249999 0.7293526781249999 0.9012276781249999 0.6088169640625 0.9012276781249999
3 0.6233258921875 0.7237723218750001 0.7371651781249999 0.7237723218750001 0.7371651781249999 0.8197544640625001 0.6233258921875 0.8197544640625001
3 0.6545758921875 0.6311383921875 0.7795758921875 0.6311383921875 0.7795758921875 0.7438616078125 0.6545758921875 0.7438616078125
3 0.6791294640625 0.5552455359375 0.8108258921875 0.5552455359375 0.8108258921875 0.6512276781249999 0.6791294640625 0.6512276781249999
3 0.7103794640625 0.47600446406249997 0.8431919640625001 0.47600446406249997 0.8431919640625001 0.5753348218750001 0.7103794640625 0.5753348218750001
3 0.7416294640625 0.39564732187499996 0.8688616078125 0.39564732187499996 0.8688616078125 0.5050223218750001 0.7416294640625 0.5050223218750001
1 0.7706473218750001 0.30859375 0.9090401781249999 0.30859375 0.9090401781249999 0.42131696406249997 0.7706473218750001 0.42131696406249997
3 0.8219866078125 0.2360491078125 0.9302455359374999 0.2360491078125 0.9302455359374999 0.3376116078125 0.8219866078125 0.3376116078125
2 0.8387276781249999 0.061941965625 0.9592633921875 0.061941965625 0.9592633921875 0.25279017812500004 0.8387276781249999 0.25279017812500004
3 0.94140625 0.31752232187499996 0.998046875 0.31752232187499996 0.998046875 0.3828768890625 0.94140625 0.3828768890625
3 0.93359375 0.38671875 0.998046875 0.38671875 0.998046875 0.48186383906249997 0.93359375 0.48186383906249997
3 0.92578125 0.46149553593750003 0.998046875 0.46149553593750003 0.998046875 0.5641336703125 0.92578125 0.5641336703125
3 0.8744419640625001 0.5518973218750001 0.998046875 0.5518973218750001 0.998046875 0.6545522484374999 0.8744419640625001 0.6545522484374999
3 0.83203125 0.6255580359375 0.9771205359374999 0.6255580359375 0.9771205359374999 0.7494419640625 0.83203125 0.7494419640625
3 0.8141741078125 0.7193080359375 0.9436383921875 0.7193080359375 0.9436383921875 0.82421875 0.8141741078125 0.82421875
3 0.7862723218750001 0.81640625 0.8777901781249999 0.81640625 0.8777901781249999 0.9034598218750001 0.7862723218750001 0.9034598218750001
3 0.7416294640625 0.8744419640625001 0.8565848218750001 0.8744419640625001 0.8565848218750001 0.9838169640625001 0.7416294640625 0.9838169640625001