2 0.46819196406249997 0.10323660781249999 0.6322544640625 0.10323660781249999 0.6322544640625 0.35100446406249997 0.46819196406249997 0.35100446406249997
2 0.401227678125 0 0.5329241078125 0 0.5329241078125 0.11886160781249999 0.401227678125 0.11886160781249999
2 0.2193080359375 0.0139508921875 0.3610491078125 0.0139508921875 0.3610491078125 0.186941965625 0.2193080359375 0.186941965625
2 0.28850446406249997 0.1623883921875 0.41015625 0.1623883921875 0.41015625 0.26953125 0.28850446406249997 0.26953125
2 0.31529017812500004 0.23939732187499999 0.43582589218749995 0.23939732187499999 0.43582589218749995 0.34877232187499996 0.31529017812500004 0.34877232187499996
3 0.3532366078125 0.32756696406249997 0.44921875 0.32756696406249997 0.44921875 0.42131696406249997 0.3532366078125 0.42131696406249997
3 0.54296875 0.35435267812500004 0.6791294640625 0.35435267812500004 0.6791294640625 0.46930803593750003 0.54296875 0.46930803593750003
3 0.5853794640625 0.46261160781250005 0.6768973218750001 0.46261160781250005 0.6768973218750001 0.5340401781249999 0.5853794640625 0.5340401781249999
2 0.57421875 0.5139508921875 0.7282366078125 0.5139508921875 0.7282366078125 0.7103794640625 0.57421875 0.7103794640625
3 0.75390625 0.8353794640625001 0.8454241078125 0.8353794640625001 0.8454241078125 0.9358258921875 0.75390625 0.9358258921875
3 0.5987723218750001 0.87890625 0.7126116078125 0.87890625 0.7126116078125 0.9704241078125 0.5987723218750001 0.9704241078125
3 0.5318080359375 0.8175223218750001 0.6411830359375 0.8175223218750001 0.6411830359375 0.9123883921875 0.5318080359375 0.9123883921875
2 0.48270089218749995 0.6635044640625 0.5809151781249999 0.6635044640625 0.5809151781249999 0.8264508921875 0.48270089218749995 0.8264508921875
3 0.46149553593750003 0.5809151781249999 0.5474330359375 0.5809151781249999 0.5474330359375 0.6646205359375 0.46149553593750003 0.6646205359375
3 0.40457589218749995 0.49162946406249997 0.5228794640625 0.49162946406249997 0.5228794640625 0.5920758921875 0.40457589218749995 0.5920758921875
3 0.3733258921875 0.416852678125 0.473772321875 0.416852678125 0.473772321875 0.5139508921875 0.3733258921875 0.5139508921875
3 0.30524553593750003 0.8722098218750001 0.44140625 0.8722098218750001 0.44140625 0.9938616078125 0.30524553593750003 0.9938616078125
3 0.27064732187499996 0.7918526781249999 0.39118303593750003 0.7918526781249999 0.39118303593750003 0.9012276781249999 0.27064732187499996 0.9012276781249999
3 0.26283482187499996 0.7237723218750001 0.3766741078125 0.7237723218750001 0.3766741078125 0.8197544640625001 0.26283482187499996 0.8197544640625001
3 0.2204241078125 0.6311383921875 0.3454241078125 0.6311383921875 0.3454241078125 0.7438616078125 0.2204241078125 0.7438616078125
3 0.1891741078125 0.5552455359375 0.32087053593750003 0.5552455359375 0.32087053593750003 0.6512276781249999 0.1891741078125 0.6512276781249999
3 0.15680803593749998 0.47600446406249997 0.28962053593750003 0.47600446406249997 0.28962053593750003 0.5753348218750001 0.15680803593749998 0.5753348218750001
3 0.1311383921875 0.39564732187499996 0.25837053593750003 0.39564732187499996 0.25837053593750003 0.5050223218750001 0.1311383921875 0.5050223218750001
1 0.090959821875 0.30859375 0.22935267812500001 0.30859375 0.22935267812500001 0.42131696406249997 0.090959821875 0.42131696406249997
3 0.0697544640625 0.2360491078125 0.1780133921875 0.2360491078125 0.1780133921875 0.3376116078125 0.0697544640625 0.3376116078125
2 0.0407366078125 0.061941965625 0.161272321875 0.061941965625 0.161272321875 0.25279017812500004 0.0407366078125 0.25279017812500004
3 0.001953125 0.31752232187499996 0.05859375 0.31752232187499996 0.05859375 0.3828768890625 0.001953125 0.3828768890625
3 0.001953125 0.38671875 0.06640625 0.38671875 0.06640625 0.48186383906249997 0.001953125 0.48186383906249997
3 0.001953125 0.46149553593750003 0.07421875 0.46149553593750003 0.07421875 0.5641336703125 0.001953125 0.5641336703125
3 0.001953125 0.5518973218750001 0.12555803593749998 0.5518973218750001 0.12555803593749998 0.6545522484374999 0.001953125 0.6545522484374999
3 0.0228794640625 0.6255580359375 0.16796875 0.6255580359375 0.16796875 0.7494419640625 0.0228794640625 0.7494419640625
3 0.056361607812500006 0.7193080359375 0.1858258921875 0.7193080359375 0.1858258921875 0.82421875 0.056361607812500006 0.82421875
3 0.122209821875 0.81640625 0.21372767812500001 0.81640625 0.21372767812500001 0.9034598218750001 0.122209821875 0.9034598218750001
3 0.143415178125 0.8744419640625001 0.25837053593750003 0.8744419640625001 0.25837053593750003 0.9838169640625001 0.143415178125 0.9838169640625001