1 0.6389508921875 0.6099330359375 0.7204241078125 0.6099330359375 0.7204241078125 0.7092633921875 0.6389508921875 0.7092633921875
3 0.7047991078125 0.5206473218750001 0.7762276781249999 0.5206473218750001 0.7762276781249999 0.6233258921875 0.7047991078125 0.6233258921875
2 0.5574776781249999 0.7550223218750001 0.67578125 0.7550223218750001 0.67578125 0.98828125 0.5574776781249999 0.98828125
2 0.36662946406249997 0.5753348218750001 0.5340401781249999 0.5753348218750001 0.5340401781249999 0.67578125 0.36662946406249997 0.67578125
2 0.22377232187499999 0.5016741078125 0.37890625 0.5016741078125 0.37890625 0.6456473218750001 0.22377232187499999 0.6456473218750001
3 0.0920758921875 0.44921875 0.1858258921875 0.44921875 0.1858258921875 0.6255580359375 0.0920758921875 0.6255580359375
1 0.1422991078125 0.0876116078125 0.26283482187499996 0.0876116078125 0.26283482187499996 0.18359375 0.1422991078125 0.18359375
1 0.0072544640625 0.00390625 0.075334821875 0.00390625 0.075334821875 0.09765625 0.0072544640625 0.09765625
3 0.54296875 0.416852678125 0.6422991078125 0.416852678125 0.6422991078125 0.5172991078125 0.54296875 0.5172991078125
3 0.6166294640625 0.3454241078125 0.7137276781249999 0.3454241078125 0.7137276781249999 0.44587053593750003 0.6166294640625 0.44587053593750003
3 0.7918526781249999 0.30412946406249997 0.9001116078125 0.30412946406249997 0.9001116078125 0.42020089218749995 0.7918526781249999 0.42020089218749995
3 0.8454241078125 0.10993303437499999 0.9626116078125 0.10993303437499999 0.9626116078125 0.22377232187499999 0.8454241078125 0.22377232187499999
1 0.8498883921875 0.6434151781249999 0.93359375 0.6434151781249999 0.93359375 0.73046875 0.8498883921875 0.73046875
3 0.86328125 0.43582589218749995 0.9503348218750001 0.43582589218749995 0.9503348218750001 0.5597098218750001 0.86328125 0.5597098218750001
3 0.2717633921875 0.2494419640625 0.38002232187499996 0.2494419640625 0.38002232187499996 0.3889508921875 0.2717633921875 0.3889508921875
3 0.401227678125 0.5005580359375 0.481584821875 0.5005580359375 0.481584821875 0.5786830359375 0.401227678125 0.5786830359375