1 0.2795758921875 0.6099330359375 0.3610491078125 0.6099330359375 0.3610491078125 0.7092633921875 0.2795758921875 0.7092633921875
3 0.22377232187499999 0.5206473218750001 0.2952008921875 0.5206473218750001 0.2952008921875 0.6233258921875 0.22377232187499999 0.6233258921875
2 0.32421875 0.7550223218750001 0.442522321875 0.7550223218750001 0.442522321875 0.98828125 0.32421875 0.98828125
2 0.465959821875 0.5753348218750001 0.6333705359375 0.5753348218750001 0.6333705359375 0.67578125 0.465959821875 0.67578125
2 0.62109375 0.5016741078125 0.7762276781249999 0.5016741078125 0.7762276781249999 0.6456473218750001 0.62109375 0.6456473218750001
3 0.8141741078125 0.44921875 0.9079241078125 0.44921875 0.9079241078125 0.6255580359375 0.8141741078125 0.6255580359375
1 0.7371651781249999 0.0876116078125 0.8577008921875 0.0876116078125 0.8577008921875 0.18359375 0.7371651781249999 0.18359375
1 0.9246651781249999 0.00390625 0.9927455359374999 0.00390625 0.9927455359374999 0.09765625 0.9246651781249999 0.09765625
3 0.3577008921875 0.416852678125 0.45703125 0.416852678125 0.45703125 0.5172991078125 0.3577008921875 0.5172991078125
3 0.28627232187499996 0.3454241078125 0.38337053593750003 0.3454241078125 0.38337053593750003 0.44587053593750003 0.28627232187499996 0.44587053593750003
3 0.0998883921875 0.30412946406249997 0.20814732187499999 0.30412946406249997 0.20814732187499999 0.42020089218749995 0.0998883921875 0.42020089218749995
3 0.0373883921875 0.10993303437499999 0.1545758921875 0.10993303437499999 0.1545758921875 0.22377232187499999 0.0373883921875 0.22377232187499999
1 0.06640625 0.6434151781249999 0.1501116078125 0.6434151781249999 0.1501116078125 0.73046875 0.06640625 0.73046875
3 0.049665178125 0.43582589218749995 0.13671875 0.43582589218749995 0.13671875 0.5597098218750001 0.049665178125 0.5597098218750001
3 0.6199776781249999 0.2494419640625 0.7282366078125 0.2494419640625 0.7282366078125 0.3889508921875 0.6199776781249999 0.3889508921875
3 0.5184151781249999 0.5005580359375 0.5987723218750001 0.5005580359375 0.5987723218750001 0.5786830359375 0.5184151781249999 0.5786830359375