3 0.2114955359375 0.12444196562500001 0.31752232187499996 0.12444196562500001 0.31752232187499996 0.20814732187499999 0.2114955359375 0.20814732187499999
3 0.3498883921875 0.127790178125 0.44698660781250005 0.127790178125 0.44698660781250005 0.2282366078125 0.3498883921875 0.2282366078125
3 0.455915178125 0.130022321875 0.5552455359375 0.130022321875 0.5552455359375 0.2338169640625 0.455915178125 0.2338169640625
3 0.5764508921875 0.1422991078125 0.6746651781249999 0.1422991078125 0.6746651781249999 0.25837053593750003 0.5764508921875 0.25837053593750003
3 0.6802455359375 0.1389508921875 0.7873883921875 0.1389508921875 0.7873883921875 0.25837053593750003 0.6802455359375 0.25837053593750003
3 0.7952008921875 0.153459821875 0.9090401781249999 0.153459821875 0.9090401781249999 0.2795758921875 0.7952008921875 0.2795758921875
3 0.91796875 0.1623883921875 0.9938616078125 0.1623883921875 0.9938616078125 0.3063616078125 0.91796875 0.3063616078125
0 0.02734375 0.5139508921875 0.180245534375 0.5139508921875 0.180245534375 0.6635044640625 0.02734375 0.6635044640625
2 0.0005580359375 0.434709821875 0.0764508921875 0.434709821875 0.0764508921875 0.5217633921875 0.0005580359375 0.5217633921875
2 0.440290178125 0.47600446406249997 0.5072544640625 0.47600446406249997 0.5072544640625 0.5831473218750001 0.440290178125 0.5831473218750001
2 0.41796875 0.5887276781249999 0.5061383921875 0.5887276781249999 0.5061383921875 0.6858258921875 0.41796875 0.6858258921875
2 0.27845982187499996 0.6277901781249999 0.3577008921875 0.6277901781249999 0.3577008921875 0.7047991078125 0.27845982187499996 0.7047991078125
2 0.3342633921875 0.7204241078125 0.5128348218750001 0.7204241078125 0.5128348218750001 0.76953125 0.3342633921875 0.76953125
2 0.37109375 0.7628348218750001 0.5161830359375 0.7628348218750001 0.5161830359375 0.8376116078125 0.37109375 0.8376116078125
2 0.6143973218750001 0.44587053593750003 0.7628348218750001 0.44587053593750003 0.7628348218750001 0.78515625 0.6143973218750001 0.78515625
0 0.7717633921875 0.47042410781250005 0.99609375 0.47042410781250005 0.99609375 0.7974330359375 0.7717633921875 0.7974330359375