3 0.6824776781249999 0.12444196562500001 0.7885044640625 0.12444196562500001 0.7885044640625 0.20814732187499999 0.6824776781249999 0.20814732187499999
3 0.5530133921875 0.127790178125 0.6501116078125 0.127790178125 0.6501116078125 0.2282366078125 0.5530133921875 0.2282366078125
3 0.44475446406249997 0.130022321875 0.5440848218750001 0.130022321875 0.5440848218750001 0.2338169640625 0.44475446406249997 0.2338169640625
3 0.32533482187499996 0.1422991078125 0.42354910781250005 0.1422991078125 0.42354910781250005 0.25837053593750003 0.32533482187499996 0.25837053593750003
3 0.2126116078125 0.1389508921875 0.31975446406249997 0.1389508921875 0.31975446406249997 0.25837053593750003 0.2126116078125 0.25837053593750003
3 0.090959821875 0.153459821875 0.2047991078125 0.153459821875 0.2047991078125 0.2795758921875 0.090959821875 0.2795758921875
3 0.006138392187499999 0.1623883921875 0.08203125 0.1623883921875 0.08203125 0.3063616078125 0.006138392187499999 0.3063616078125
0 0.8197544656250001 0.5139508921875 0.97265625 0.5139508921875 0.97265625 0.6635044640625 0.8197544656250001 0.6635044640625
2 0.9235491078125 0.434709821875 0.9994419640625001 0.434709821875 0.9994419640625001 0.5217633921875 0.9235491078125 0.5217633921875
2 0.49274553593750003 0.47600446406249997 0.5597098218750001 0.47600446406249997 0.5597098218750001 0.5831473218750001 0.49274553593750003 0.5831473218750001
2 0.49386160781250005 0.5887276781249999 0.58203125 0.5887276781249999 0.58203125 0.6858258921875 0.49386160781250005 0.6858258921875
2 0.6422991078125 0.6277901781249999 0.7215401781249999 0.6277901781249999 0.7215401781249999 0.7047991078125 0.6422991078125 0.7047991078125
2 0.487165178125 0.7204241078125 0.6657366078125 0.7204241078125 0.6657366078125 0.76953125 0.487165178125 0.76953125
2 0.48381696406249997 0.7628348218750001 0.62890625 0.7628348218750001 0.62890625 0.8376116078125 0.48381696406249997 0.8376116078125
2 0.23716517812500001 0.44587053593750003 0.38560267812500004 0.44587053593750003 0.38560267812500004 0.78515625 0.23716517812500001 0.78515625
0 0.00390625 0.47042410781250005 0.2282366078125 0.47042410781250005 0.2282366078125 0.7974330359375 0.00390625 0.7974330359375