1 0.5250565375 0.2770610609375 0.5995836765625 0.2770610609375 0.5995836765625 0.3670076078125 0.5250565375 0.3670076078125
1 0.811600534375 0.201248971875 0.9221062906249999 0.201248971875 0.9221062906249999 0.309184828125 0.811600534375 0.309184828125
3 0.0393451890625 0.56103515625 0.17041015625 0.56103515625 0.17041015625 0.677965665625 0.0393451890625 0.677965665625
3 0.3477333484375 0.46337890625 0.48136821406249997 0.46337890625 0.48136821406249997 0.60729338125 0.3477333484375 0.60729338125
3 0.24365234375 0.29505036875 0.3747173109375 0.29505036875 0.3747173109375 0.404271175 0.24365234375 0.404271175
3 0.42097553593750003 0.138286390625 0.4967876234375 0.138286390625 0.4967876234375 0.23080283750000002 0.42097553593750003 0.23080283750000002
3 0.077893709375 0.2051038234375 0.1935392671875 0.2051038234375 0.1935392671875 0.3027600734375 0.077893709375 0.3027600734375
3 0.629137540625 0.04576994375 0.7332185453125 0.04576994375 0.7332185453125 0.1562756984375 0.629137540625 0.1562756984375
1 0.50963713125 0.6792506171875 0.652266653125 0.6792506171875 0.652266653125 0.8154553859375 0.50963713125 0.8154553859375
3 0.38756681875 0.8797029203125 0.505782278125 0.8797029203125 0.505782278125 0.992778578125 0.38756681875 0.992778578125
3 0.65869140625 0.7306486421875 0.7679122125 0.7306486421875 0.7679122125 0.8591437093750001 0.65869140625 0.8591437093750001
3 0.004651521875 0.11772717968749999 0.0830335109375 0.11772717968749999 0.0830335109375 0.1845446140625 0.004651521875 0.1845446140625
1 0.695954975 0.333598890625 0.7717670640625001 0.333598890625 0.7717670640625001 0.431255140625 0.695954975 0.431255140625
3 0.798751028125 0.3747173109375 0.8694233140625001 0.3747173109375 0.8694233140625001 0.4672337578125 0.798751028125 0.4672337578125
3 0.7961811265625001 0.7910413234375 0.92724609375 0.7910413234375 0.92724609375 0.9478053046875001 0.7961811265625001 0.9478053046875001
1 0.284770765625 0.787186471875 0.384996915625 0.787186471875 0.384996915625 0.896407278125 0.284770765625 0.896407278125
1 0.5276264390625001 0.48779296875 0.617572984375 0.48779296875 0.617572984375 0.566174959375 0.5276264390625001 0.566174959375
1 0.8064607328125 0.60986328125 0.9002621312500001 0.60986328125 0.9002621312500001 0.7036646796875 0.8064607328125 0.7036646796875
3 0.7332185453125 0.58287931875 0.812885484375 0.58287931875 0.812885484375 0.6548365546875 0.7332185453125 0.6548365546875
3 0.28404017812500004 0.42578125 0.42912946406249997 0.42578125 0.42912946406249997 0.52734375 0.28404017812500004 0.52734375
3 0.38783482187499996 0.26506696406249997 0.46261160781250005 0.26506696406249997 0.46261160781250005 0.34654017812500004 0.38783482187499996 0.34654017812500004