1 0.6021205359375 0.31305803593750003 0.6947544640625 0.31305803593750003 0.6947544640625 0.42131696406249997 0.6021205359375 0.42131696406249997
3 0.48604910781250005 0.16015625 0.5931919640625 0.16015625 0.5931919640625 0.2360491078125 0.48604910781250005 0.2360491078125
1 0.56640625 0.2349330359375 0.6791294640625 0.2349330359375 0.6791294640625 0.31529017812500004 0.56640625 0.31529017812500004
3 0.66796875 0.15234375 0.7561383921875 0.15234375 0.7561383921875 0.2405133921875 0.66796875 0.2405133921875
2 0.7918526781249999 0.061941965625 0.9112723218750001 0.061941965625 0.9112723218750001 0.1702008921875 0.7918526781249999 0.1702008921875
2 0.81453413125 0 0.9190848218750001 0 0.9190848218750001 0.067522321875 0.81453413125 0.067522321875
2 0.9391741078125 0.35212053593750003 0.998046875 0.35212053593750003 0.998046875 0.48329319374999996 0.9391741078125 0.48329319374999996
2 0.7806919640625 0.473772321875 0.9436383921875 0.473772321875 0.9436383921875 0.6456473218750001 0.7806919640625 0.6456473218750001
0 0.8454241078125 0.7516741078125 0.9626116078125 0.7516741078125 0.9626116078125 0.8956473218750001 0.8454241078125 0.8956473218750001
3 0.13671875 0.5340401781249999 0.21595982187499999 0.5340401781249999 0.21595982187499999 0.6277901781249999 0.13671875 0.6277901781249999
3 0.09765625 0.6255580359375 0.18359375 0.6255580359375 0.18359375 0.7427455359375 0.09765625 0.7427455359375
3 0.155691965625 0.42020089218749995 0.2260044640625 0.42020089218749995 0.2260044640625 0.5418526781249999 0.155691965625 0.5418526781249999
2 0.015066964062499999 0.8878348218750001 0.127790178125 0.8878348218750001 0.127790178125 0.9972098218750001 0.015066964062499999 0.9972098218750001
3 0.2751116078125 0.2103794640625 0.34654017812500004 0.2103794640625 0.34654017812500004 0.31529017812500004 0.2751116078125 0.31529017812500004