1 0.30524553593750003 0.31305803593750003 0.39787946406249997 0.31305803593750003 0.39787946406249997 0.42131696406249997 0.30524553593750003 0.42131696406249997
3 0.40680803593750003 0.16015625 0.5139508921875 0.16015625 0.5139508921875 0.2360491078125 0.40680803593750003 0.2360491078125
1 0.32087053593750003 0.2349330359375 0.43359375 0.2349330359375 0.43359375 0.31529017812500004 0.32087053593750003 0.31529017812500004
3 0.2438616078125 0.15234375 0.33203125 0.15234375 0.33203125 0.2405133921875 0.2438616078125 0.2405133921875
2 0.088727678125 0.061941965625 0.20814732187499999 0.061941965625 0.20814732187499999 0.1702008921875 0.088727678125 0.1702008921875
2 0.080915178125 0 0.18546586874999998 0 0.18546586874999998 0.067522321875 0.080915178125 0.067522321875
2 0.001953125 0.35212053593750003 0.060825892187499994 0.35212053593750003 0.060825892187499994 0.48329319374999996 0.001953125 0.48329319374999996
2 0.056361607812500006 0.473772321875 0.2193080359375 0.473772321875 0.2193080359375 0.6456473218750001 0.056361607812500006 0.6456473218750001
0 0.0373883921875 0.7516741078125 0.1545758921875 0.7516741078125 0.1545758921875 0.8956473218750001 0.0373883921875 0.8956473218750001
3 0.7840401781249999 0.5340401781249999 0.86328125 0.5340401781249999 0.86328125 0.6277901781249999 0.7840401781249999 0.6277901781249999
3 0.81640625 0.6255580359375 0.90234375 0.6255580359375 0.90234375 0.7427455359375 0.81640625 0.7427455359375
3 0.7739955359375 0.42020089218749995 0.8443080343749999 0.42020089218749995 0.8443080343749999 0.5418526781249999 0.7739955359375 0.5418526781249999
2 0.8722098218750001 0.8878348218750001 0.9849330359374999 0.8878348218750001 0.9849330359374999 0.9972098218750001 0.8722098218750001 0.9972098218750001
3 0.6534598218750001 0.2103794640625 0.7248883921875 0.2103794640625 0.7248883921875 0.31529017812500004 0.6534598218750001 0.31529017812500004