3 0.66126130625 0.676680715625 0.7422131984375 0.676680715625 0.7422131984375 0.7769068671875 0.66126130625 0.7769068671875
3 0.5032123765625001 0.6728258640625 0.604723478125 0.6728258640625 0.604723478125 0.75891755625 0.5032123765625001 0.75891755625
3 0.775621915625 0.63170744375 0.8886975734375 0.63170744375 0.8886975734375 0.690815171875 0.775621915625 0.690815171875
3 0.531481290625 0.75377775625 0.6111482328125 0.75377775625 0.6111482328125 0.823165090625 0.531481290625 0.823165090625
3 0.567459909375 0.8771330171875 0.6458419 0.8771330171875 0.6458419 0.9426655015625001 0.567459909375 0.9426655015625001
3 0.31432463125 0.598298725 0.42097553593750003 0.598298725 0.42097553593750003 0.694670025 0.31432463125 0.694670025
3 0.44153474375 0.273206209375 0.5713147609375 0.273206209375 0.5713147609375 0.3747173109375 0.44153474375 0.3747173109375
3 0.1986790703125 0.139571340625 0.304045025 0.139571340625 0.304045025 0.2616416515625 0.1986790703125 0.2616416515625
3 0.0843184625 0.6304224921875 0.1845446140625 0.6304224921875 0.1845446140625 0.7203690375 0.0843184625 0.7203690375
1 0.0586194484375 0.75891755625 0.1665553046875 0.75891755625 0.1665553046875 0.8334446953124999 0.0586194484375 0.8334446953124999
3 0.22052323281250003 0.8809878687499999 0.284770765625 0.8809878687499999 0.284770765625 0.9567999593750001 0.22052323281250003 0.9567999593750001
3 0.0984529203125 0.9233912421875001 0.1819747125 0.9233912421875001 0.1819747125 0.9953484781249999 0.0984529203125 0.9953484781249999
1 0.139571340625 0.4775133625 0.24365234375 0.4775133625 0.24365234375 0.53405119375 0.139571340625 0.53405119375
3 0.2397974921875 0.3156095796875 0.3181794828125 0.3156095796875 0.3181794828125 0.3914216703125 0.2397974921875 0.3914216703125
1 0.00208161875 0.018785978124999998 0.090743215625 0.018785978124999998 0.090743215625 0.1074475734375 0.00208161875 0.1074475734375
1 0.11104910781249999 0.174665178125 0.17578125 0.174665178125 0.17578125 0.28069196406249997 0.11104910781249999 0.28069196406249997
3 0.164620534375 0.2438616078125 0.2327008921875 0.2438616078125 0.2327008921875 0.31975446406249997 0.164620534375 0.31975446406249997
3 0.33091517812500004 0.143415178125 0.44587053593750003 0.143415178125 0.44587053593750003 0.2639508921875 0.33091517812500004 0.2639508921875
3 0.42243303593750003 0.067522321875 0.5496651781249999 0.067522321875 0.5496651781249999 0.16796875 0.42243303593750003 0.16796875
3 0.48828125 0.008370534374999999 0.5675223218750001 0.008370534374999999 0.5675223218750001 0.086495534375 0.48828125 0.086495534375
3 0.11662946562500001 0.002790178125 0.21484375 0.002790178125 0.21484375 0.0686383921875 0.11662946562500001 0.0686383921875
3 0.7739955359375 0.463727678125 0.8409598218750001 0.463727678125 0.8409598218750001 0.5541294640625 0.7739955359375 0.5541294640625
2 0.8856026781249999 0.3108258921875 0.998046875 0.3108258921875 0.998046875 0.47408621718750005 0.8856026781249999 0.47408621718750005
3 0.3376116078125 0.7806919640625 0.45145089218749995 0.7806919640625 0.45145089218749995 0.8844866078125 0.3376116078125 0.8844866078125