3 0.2577868015625 0.676680715625 0.33873869375 0.676680715625 0.33873869375 0.7769068671875 0.2577868015625 0.7769068671875
3 0.395276521875 0.6728258640625 0.4967876234375 0.6728258640625 0.4967876234375 0.75891755625 0.395276521875 0.75891755625
3 0.1113024265625 0.63170744375 0.224378084375 0.63170744375 0.224378084375 0.690815171875 0.1113024265625 0.690815171875
3 0.3888517671875 0.75377775625 0.46851870937499995 0.75377775625 0.46851870937499995 0.823165090625 0.3888517671875 0.823165090625
3 0.3541581 0.8771330171875 0.432540090625 0.8771330171875 0.432540090625 0.9426655015625001 0.3541581 0.9426655015625001
3 0.5790244640625 0.598298725 0.68567536875 0.598298725 0.68567536875 0.694670025 0.5790244640625 0.694670025
3 0.42868523906249995 0.273206209375 0.55846525625 0.273206209375 0.55846525625 0.3747173109375 0.42868523906249995 0.3747173109375
3 0.695954975 0.139571340625 0.8013209296875001 0.139571340625 0.8013209296875001 0.2616416515625 0.695954975 0.2616416515625
3 0.8154553859375 0.6304224921875 0.9156815375 0.6304224921875 0.9156815375 0.7203690375 0.8154553859375 0.7203690375
1 0.8334446953124999 0.75891755625 0.9413805515625 0.75891755625 0.9413805515625 0.8334446953124999 0.8334446953124999 0.8334446953124999
3 0.715229234375 0.8809878687499999 0.7794767671875 0.8809878687499999 0.7794767671875 0.9567999593750001 0.715229234375 0.9567999593750001
3 0.8180252875 0.9233912421875001 0.9015470796875 0.9233912421875001 0.9015470796875 0.9953484781249999 0.8180252875 0.9953484781249999
1 0.75634765625 0.4775133625 0.860428659375 0.4775133625 0.860428659375 0.53405119375 0.75634765625 0.53405119375
3 0.6818205171875 0.3156095796875 0.7602025078125 0.3156095796875 0.7602025078125 0.3914216703125 0.6818205171875 0.3914216703125
1 0.909256784375 0.018785978124999998 0.9979183812500001 0.018785978124999998 0.9979183812500001 0.1074475734375 0.909256784375 0.1074475734375
1 0.82421875 0.174665178125 0.8889508921875 0.174665178125 0.8889508921875 0.28069196406249997 0.82421875 0.28069196406249997
3 0.7672991078125 0.2438616078125 0.8353794656250001 0.2438616078125 0.8353794656250001 0.31975446406249997 0.7672991078125 0.31975446406249997
3 0.5541294640625 0.143415178125 0.6690848218750001 0.143415178125 0.6690848218750001 0.2639508921875 0.5541294640625 0.2639508921875
3 0.450334821875 0.067522321875 0.5775669640625 0.067522321875 0.5775669640625 0.16796875 0.450334821875 0.16796875
3 0.432477678125 0.008370534374999999 0.51171875 0.008370534374999999 0.51171875 0.086495534375 0.432477678125 0.086495534375
3 0.78515625 0.002790178125 0.8833705343749999 0.002790178125 0.8833705343749999 0.0686383921875 0.78515625 0.0686383921875
3 0.159040178125 0.463727678125 0.2260044640625 0.463727678125 0.2260044640625 0.5541294640625 0.159040178125 0.5541294640625
2 0.001953125 0.3108258921875 0.114397321875 0.3108258921875 0.114397321875 0.47408621718750005 0.001953125 0.47408621718750005
3 0.5485491078125 0.7806919640625 0.6623883921875 0.7806919640625 0.6623883921875 0.8844866078125 0.5485491078125 0.8844866078125