2 0.35658482187499996 0.164620534375 0.5920758921875 0.164620534375 0.5920758921875 0.37890625 0.35658482187499996 0.37890625
3 0.059709821875 0.061941965625 0.20591517812500001 0.061941965625 0.20591517812500001 0.192522321875 0.059709821875 0.192522321875
1 0.176897321875 0.077566965625 0.25725446406249997 0.077566965625 0.25725446406249997 0.166852678125 0.176897321875 0.166852678125
1 0.159040178125 0.005022321875 0.27734375 0.005022321875 0.27734375 0.0876116078125 0.159040178125 0.0876116078125
1 0.7661830359375 0.184709821875 0.86328125 0.184709821875 0.86328125 0.26841517812500004 0.7661830359375 0.26841517812500004
2 0.71484375 0.27399553593750003 0.8655133921875 0.27399553593750003 0.8655133921875 0.36439732187499996 0.71484375 0.36439732187499996
3 0.7717633921875 0.3610491078125 0.8643973218750001 0.3610491078125 0.8643973218750001 0.44587053593750003 0.7717633921875 0.44587053593750003
3 0.7728794640625 0.44475446406249997 0.87109375 0.44475446406249997 0.87109375 0.5262276781249999 0.7728794640625 0.5262276781249999
3 0.7505580359375 0.5262276781249999 0.8610491078125 0.5262276781249999 0.8610491078125 0.6065848218750001 0.7505580359375 0.6065848218750001
3 0.7472098218750001 0.6143973218750001 0.8688616078125 0.6143973218750001 0.8688616078125 0.6981026781249999 0.7472098218750001 0.6981026781249999
3 0.7762276781249999 0.6981026781249999 0.8777901781249999 0.6981026781249999 0.8777901781249999 0.7795758921875 0.7762276781249999 0.7795758921875
3 0.7840401781249999 0.7840401781249999 0.8755580359374999 0.7840401781249999 0.8755580359374999 0.85546875 0.7840401781249999 0.85546875
3 0.7751116078125 0.8621651781249999 0.8811383921875 0.8621651781249999 0.8811383921875 0.9425223218750001 0.7751116078125 0.9425223218750001
0 0.36439732187499996 0.7550223218750001 0.5641741078125 0.7550223218750001 0.5641741078125 0.9436383921875 0.36439732187499996 0.9436383921875
0 0.2516741078125 0.6925223218750001 0.3610491078125 0.6925223218750001 0.3610491078125 0.8018973218750001 0.2516741078125 0.8018973218750001
3 0.186941965625 0.6244419640625 0.26171875 0.6244419640625 0.26171875 0.7059151781249999 0.186941965625 0.7059151781249999
3 0.0686383921875 0.6612723218750001 0.1501116078125 0.6612723218750001 0.1501116078125 0.72265625 0.0686383921875 0.72265625
1 0.080915178125 0.5719866078125 0.143415178125 0.5719866078125 0.143415178125 0.6489955359375 0.080915178125 0.6489955359375
3 0.085379465625 0.7427455359375 0.159040178125 0.7427455359375 0.159040178125 0.8443080359374999 0.085379465625 0.8443080359374999
3 0.9815848218750001 0.18359375 0.998046875 0.18359375 0.998046875 0.26075962656249996 0.9815848218750001 0.26075962656249996
3 0.97265625 0.27845982187499996 0.998046875 0.27845982187499996 0.998046875 0.349929728125 0.97265625 0.349929728125
3 0.9670758921875 0.3610491078125 0.998046875 0.3610491078125 0.998046875 0.43580664999999996 0.9670758921875 0.43580664999999996
3 0.9782366078125 0.44363839218749995 0.9972098218750001 0.44363839218749995 0.9972098218750001 0.5206473218750001 0.9782366078125 0.5206473218750001
3 0.9748883921875 0.5295758921875 0.998046875 0.5295758921875 0.998046875 0.6009812125 0.9748883921875 0.6009812125
3 0.9748883921875 0.61328125 0.998046875 0.61328125 0.998046875 0.6932832796875 0.9748883921875 0.6932832796875
2 0.9045758921875 0.00390625 0.998046875 0.00390625 0.998046875 0.076726665625 0.9045758921875 0.076726665625