2 0.40792410781250005 0.164620534375 0.6434151781249999 0.164620534375 0.6434151781249999 0.37890625 0.40792410781250005 0.37890625
3 0.7940848218750001 0.061941965625 0.9402901781249999 0.061941965625 0.9402901781249999 0.192522321875 0.7940848218750001 0.192522321875
1 0.7427455359375 0.077566965625 0.8231026781249999 0.077566965625 0.8231026781249999 0.166852678125 0.7427455359375 0.166852678125
1 0.72265625 0.005022321875 0.8409598218750001 0.005022321875 0.8409598218750001 0.0876116078125 0.72265625 0.0876116078125
1 0.13671875 0.184709821875 0.2338169640625 0.184709821875 0.2338169640625 0.26841517812500004 0.13671875 0.26841517812500004
2 0.1344866078125 0.27399553593750003 0.28515625 0.27399553593750003 0.28515625 0.36439732187499996 0.1344866078125 0.36439732187499996
3 0.135602678125 0.3610491078125 0.2282366078125 0.3610491078125 0.2282366078125 0.44587053593750003 0.135602678125 0.44587053593750003
3 0.12890625 0.44475446406249997 0.2271205359375 0.44475446406249997 0.2271205359375 0.5262276781249999 0.12890625 0.5262276781249999
3 0.1389508921875 0.5262276781249999 0.2494419640625 0.5262276781249999 0.2494419640625 0.6065848218750001 0.1389508921875 0.6065848218750001
3 0.1311383921875 0.6143973218750001 0.25279017812500004 0.6143973218750001 0.25279017812500004 0.6981026781249999 0.1311383921875 0.6981026781249999
3 0.122209821875 0.6981026781249999 0.22377232187499999 0.6981026781249999 0.22377232187499999 0.7795758921875 0.122209821875 0.7795758921875
3 0.12444196406250001 0.7840401781249999 0.21595982187499999 0.7840401781249999 0.21595982187499999 0.85546875 0.12444196406250001 0.85546875
3 0.11886160781249999 0.8621651781249999 0.2248883921875 0.8621651781249999 0.2248883921875 0.9425223218750001 0.11886160781249999 0.9425223218750001
0 0.43582589218749995 0.7550223218750001 0.6356026781249999 0.7550223218750001 0.6356026781249999 0.9436383921875 0.43582589218749995 0.9436383921875
0 0.6389508921875 0.6925223218750001 0.7483258921875 0.6925223218750001 0.7483258921875 0.8018973218750001 0.6389508921875 0.8018973218750001
3 0.73828125 0.6244419640625 0.8130580343749999 0.6244419640625 0.8130580343749999 0.7059151781249999 0.73828125 0.7059151781249999
3 0.8498883921875 0.6612723218750001 0.9313616078125 0.6612723218750001 0.9313616078125 0.72265625 0.8498883921875 0.72265625
1 0.8565848218750001 0.5719866078125 0.9190848218750001 0.5719866078125 0.9190848218750001 0.6489955359375 0.8565848218750001 0.6489955359375
3 0.8409598218750001 0.7427455359375 0.9146205343749999 0.7427455359375 0.9146205343749999 0.8443080359374999 0.8409598218750001 0.8443080359374999
3 0.001953125 0.18359375 0.018415178125 0.18359375 0.018415178125 0.26075962656249996 0.001953125 0.26075962656249996
3 0.001953125 0.27845982187499996 0.02734375 0.27845982187499996 0.02734375 0.349929728125 0.001953125 0.349929728125
3 0.001953125 0.3610491078125 0.0329241078125 0.3610491078125 0.0329241078125 0.43580664999999996 0.001953125 0.43580664999999996
3 0.002790178125 0.44363839218749995 0.0217633921875 0.44363839218749995 0.0217633921875 0.5206473218750001 0.002790178125 0.5206473218750001
3 0.001953125 0.5295758921875 0.0251116078125 0.5295758921875 0.0251116078125 0.6009812125 0.001953125 0.6009812125
3 0.001953125 0.61328125 0.0251116078125 0.61328125 0.0251116078125 0.6932832796875 0.001953125 0.6932832796875
2 0.001953125 0.00390625 0.0954241078125 0.00390625 0.0954241078125 0.076726665625 0.001953125 0.076726665625