3 0.126721834375 0.56360505625 0.21666838125000001 0.56360505625 0.21666838125000001 0.64712685 0.126721834375 0.64712685
1 0.3554430515625 0.5841642671875 0.44538959843750003 0.5841642671875 0.44538959843750003 0.6741108140625001 0.3554430515625 0.6741108140625001
2 0.013646176562500001 0.0868883640625 0.152420846875 0.0868883640625 0.152420846875 0.1986790703125 0.013646176562500001 0.1986790703125
3 0.629137540625 0.2719212578125 0.7306486421875 0.2719212578125 0.7306486421875 0.39013671875 0.629137540625 0.39013671875
3 0.8064607328125 0.27063630625 0.9233912421875001 0.27063630625 0.9233912421875001 0.3939915703125 0.8064607328125 0.3939915703125
3 0.7351459703125001 0.24300986875000002 0.823807565625 0.24300986875000002 0.823807565625 0.31625205625 0.7351459703125001 0.31625205625
3 0.8856540765625001 0.14586025625000001 0.9935899312500001 0.14586025625000001 0.9935899312500001 0.2897747296875 0.8856540765625001 0.2897747296875
3 0.76953125 0.172433034375 0.8409598218750001 0.172433034375 0.8409598218750001 0.24720982187499999 0.76953125 0.24720982187499999
3 0.7193080359375 0.179129465625 0.7717633921875 0.179129465625 0.7717633921875 0.24720982187499999 0.7193080359375 0.24720982187499999
3 0.2438616078125 0.3297991078125 0.3297991078125 0.3297991078125 0.3297991078125 0.403459821875 0.2438616078125 0.403459821875
3 0.1344866078125 0.2795758921875 0.2126116078125 0.2795758921875 0.2126116078125 0.34877232187499996 0.1344866078125 0.34877232187499996
3 0 0.688427059375 0.0641741078125 0.688427059375 0.0641741078125 0.79296875 0 0.79296875