1 0.1702008921875 0.33314732187499996 0.27287946406249997 0.33314732187499996 0.27287946406249997 0.39006696406249997 0.1702008921875 0.39006696406249997
2 0.5764508921875 0.2103794640625 0.7550223218750001 0.2103794640625 0.7550223218750001 0.3342633921875 0.5764508921875 0.3342633921875
2 0.42354910781250005 0.6099330359375 0.7449776781249999 0.6099330359375 0.7449776781249999 0.7293526781249999 0.42354910781250005 0.7293526781249999
2 0.465959821875 0.49832589218749995 0.5295758921875 0.49832589218749995 0.5295758921875 0.6010044640625 0.465959821875 0.6010044640625
3 0.6222098218750001 0.5262276781249999 0.7360491078125 0.5262276781249999 0.7360491078125 0.60546875 0.6222098218750001 0.60546875
1 0.45479910781250005 0.3342633921875 0.5161830359375 0.3342633921875 0.5161830359375 0.41573660781250005 0.45479910781250005 0.41573660781250005
3 0.06640625 0.6422991078125 0.18694196406250002 0.6422991078125 0.18694196406250002 0.7829241078125 0.06640625 0.7829241078125
3 0.166852678125 0.5842633921875 0.28515625 0.5842633921875 0.28515625 0.6768973218750001 0.166852678125 0.6768973218750001
2 0.5094866078125 0.7739955359375 0.5797991078125 0.7739955359375 0.5797991078125 0.8956473218750001 0.5094866078125 0.8956473218750001
2 0.6646205359375 0.7483258921875 0.7594866078125 0.7483258921875 0.7594866078125 0.9056919640625001 0.6646205359375 0.9056919640625001
2 0.14006696406250002 0.45145089218749995 0.2829241078125 0.45145089218749995 0.2829241078125 0.5753348218750001 0.14006696406250002 0.5753348218750001
2 0.49944196406249997 0.9001116078125 0.7527901781249999 0.9001116078125 0.7527901781249999 0.9681919640625001 0.49944196406249997 0.9681919640625001
2 0.001953125 0.63671875 0.0764508921875 0.63671875 0.0764508921875 0.8240274234375 0.001953125 0.8240274234375
3 0.17912946406250002 0.125558034375 0.3264508921875 0.125558034375 0.3264508921875 0.20591517812500001 0.17912946406250002 0.20591517812500001
3 0.2025669640625 0.0172991078125 0.2985491078125 0.0172991078125 0.2985491078125 0.0954241078125 0.2025669640625 0.0954241078125
2 0.479352678125 0 0.6246279765625 0 0.6246279765625 0.11886160781249999 0.479352678125 0.11886160781249999
3 0.015066964062499999 0.086495534375 0.12109375 0.086495534375 0.12109375 0.1702008921875 0.015066964062499999 0.1702008921875
3 0.001953125 0.26841517812500004 0.0853794640625 0.26841517812500004 0.0853794640625 0.3549313828125 0.001953125 0.3549313828125
3 0.001953125 0.39564732187499996 0.0619419640625 0.39564732187499996 0.0619419640625 0.45563616093750003 0.001953125 0.45563616093750003
3 0.001953125 0.46484375 0.060825892187499994 0.46484375 0.060825892187499994 0.5480776640625 0.001953125 0.5480776640625
3 0.20703125 0.8052455359374999 0.2952008921875 0.8052455359374999 0.2952008921875 0.9157366078125 0.20703125 0.9157366078125