1 0.7271205359375 0.33314732187499996 0.8297991078125 0.33314732187499996 0.8297991078125 0.39006696406249997 0.7271205359375 0.39006696406249997
2 0.24497767812500001 0.2103794640625 0.42354910781250005 0.2103794640625 0.42354910781250005 0.3342633921875 0.24497767812500001 0.3342633921875
2 0.25502232187499996 0.6099330359375 0.5764508921875 0.6099330359375 0.5764508921875 0.7293526781249999 0.25502232187499996 0.7293526781249999
2 0.47042410781250005 0.49832589218749995 0.5340401781249999 0.49832589218749995 0.5340401781249999 0.6010044640625 0.47042410781250005 0.6010044640625
3 0.2639508921875 0.5262276781249999 0.37779017812500004 0.5262276781249999 0.37779017812500004 0.60546875 0.2639508921875 0.60546875
1 0.48381696406249997 0.3342633921875 0.5452008921875 0.3342633921875 0.5452008921875 0.41573660781250005 0.48381696406249997 0.41573660781250005
3 0.8130580359374999 0.6422991078125 0.93359375 0.6422991078125 0.93359375 0.7829241078125 0.8130580359374999 0.7829241078125
3 0.71484375 0.5842633921875 0.8331473218750001 0.5842633921875 0.8331473218750001 0.6768973218750001 0.71484375 0.6768973218750001
2 0.42020089218749995 0.7739955359375 0.49051339218749995 0.7739955359375 0.49051339218749995 0.8956473218750001 0.42020089218749995 0.8956473218750001
2 0.2405133921875 0.7483258921875 0.33537946406249997 0.7483258921875 0.33537946406249997 0.9056919640625001 0.2405133921875 0.9056919640625001
2 0.7170758921875 0.45145089218749995 0.8599330359374999 0.45145089218749995 0.8599330359374999 0.5753348218750001 0.7170758921875 0.5753348218750001
2 0.24720982187499999 0.9001116078125 0.5005580359375 0.9001116078125 0.5005580359375 0.9681919640625001 0.24720982187499999 0.9681919640625001
2 0.9235491078125 0.63671875 0.998046875 0.63671875 0.998046875 0.8240274234375 0.9235491078125 0.8240274234375
3 0.6735491078125 0.125558034375 0.8208705359374999 0.125558034375 0.8208705359374999 0.20591517812500001 0.6735491078125 0.20591517812500001
3 0.7014508921875 0.0172991078125 0.7974330359375 0.0172991078125 0.7974330359375 0.0954241078125 0.7014508921875 0.0954241078125
2 0.3753720234375 0 0.5206473218750001 0 0.5206473218750001 0.11886160781249999 0.3753720234375 0.11886160781249999
3 0.87890625 0.086495534375 0.9849330359374999 0.086495534375 0.9849330359374999 0.1702008921875 0.87890625 0.1702008921875
3 0.9146205359374999 0.26841517812500004 0.998046875 0.26841517812500004 0.998046875 0.3549313828125 0.9146205359374999 0.3549313828125
3 0.9380580359374999 0.39564732187499996 0.998046875 0.39564732187499996 0.998046875 0.45563616093750003 0.9380580359374999 0.45563616093750003
3 0.9391741078125 0.46484375 0.998046875 0.46484375 0.998046875 0.5480776640625 0.9391741078125 0.5480776640625
3 0.7047991078125 0.8052455359374999 0.79296875 0.8052455359374999 0.79296875 0.9157366078125 0.7047991078125 0.9157366078125