2 0.190290178125 0.0005580359375 0.5139508921875 0.0005580359375 0.5139508921875 0.2561383921875 0.190290178125 0.2561383921875
3 0.122209821875 0.47042410781250005 0.2416294640625 0.47042410781250005 0.2416294640625 0.5842633921875 0.122209821875 0.5842633921875
3 0.182477678125 0.55078125 0.28404017812500004 0.55078125 0.28404017812500004 0.6657366078125 0.182477678125 0.6657366078125
3 0.070870534375 0.7505580359375 0.19140625 0.7505580359375 0.19140625 0.8543526781249999 0.070870534375 0.8543526781249999
3 0.35658482187499996 0.5864955359375 0.43024553593750003 0.5864955359375 0.43024553593750003 0.68359375 0.35658482187499996 0.68359375
3 0.25279017812500004 0.6400669640625 0.3498883921875 0.6400669640625 0.3498883921875 0.7438616078125 0.25279017812500004 0.7438616078125
3 0.43359375 0.5027901781249999 0.5876116078125 0.5027901781249999 0.5876116078125 0.6255580359375 0.43359375 0.6255580359375
3 0.7293526781249999 0.5094866078125 0.8264508921875 0.5094866078125 0.8264508921875 0.6456473218750001 0.7293526781249999 0.6456473218750001
1 0.8766741078125 0.7047991078125 0.9659598218750001 0.7047991078125 0.9659598218750001 0.8030133921875 0.8766741078125 0.8030133921875
3 0.8777901781249999 0.5686383921875 0.9771205359374999 0.5686383921875 0.9771205359374999 0.6902901781249999 0.8777901781249999 0.6902901781249999
3 0.8253348218750001 0.7840401781249999 0.9358258921875 0.7840401781249999 0.9358258921875 0.9068080359374999 0.8253348218750001 0.9068080359374999
3 0.9559151781249999 0.9001116078125 0.998046875 0.9001116078125 0.998046875 0.982268415625 0.9559151781249999 0.982268415625
2 0.43582589218749995 0.8766741078125 0.6456473218750001 0.8766741078125 0.6456473218750001 0.99609375 0.43582589218749995 0.99609375
1 0.7114955359375 0.6322544640625 0.79296875 0.6322544640625 0.79296875 0.7103794640625 0.7114955359375 0.7103794640625
3 0.55078125 0.6858258921875 0.6478794640625 0.6858258921875 0.6478794640625 0.79296875 0.55078125 0.79296875
1 0.44921875 0.6936383921875 0.5385044640625 0.6936383921875 0.5385044640625 0.7717633921875 0.44921875 0.7717633921875