2 0.48604910781250005 0.0005580359375 0.8097098218750001 0.0005580359375 0.8097098218750001 0.2561383921875 0.48604910781250005 0.2561383921875
3 0.7583705359375 0.47042410781250005 0.8777901781249999 0.47042410781250005 0.8777901781249999 0.5842633921875 0.7583705359375 0.5842633921875
3 0.7159598218750001 0.55078125 0.8175223218750001 0.55078125 0.8175223218750001 0.6657366078125 0.7159598218750001 0.6657366078125
3 0.80859375 0.7505580359375 0.9291294656250001 0.7505580359375 0.9291294656250001 0.8543526781249999 0.80859375 0.8543526781249999
3 0.5697544640625 0.5864955359375 0.6434151781249999 0.5864955359375 0.6434151781249999 0.68359375 0.5697544640625 0.68359375
3 0.6501116078125 0.6400669640625 0.7472098218750001 0.6400669640625 0.7472098218750001 0.7438616078125 0.6501116078125 0.7438616078125
3 0.41238839218749995 0.5027901781249999 0.56640625 0.5027901781249999 0.56640625 0.6255580359375 0.41238839218749995 0.6255580359375
3 0.1735491078125 0.5094866078125 0.27064732187499996 0.5094866078125 0.27064732187499996 0.6456473218750001 0.1735491078125 0.6456473218750001
1 0.034040178125 0.7047991078125 0.12332589218750001 0.7047991078125 0.12332589218750001 0.8030133921875 0.034040178125 0.8030133921875
3 0.0228794640625 0.5686383921875 0.122209821875 0.5686383921875 0.122209821875 0.6902901781249999 0.0228794640625 0.6902901781249999
3 0.0641741078125 0.7840401781249999 0.174665178125 0.7840401781249999 0.174665178125 0.9068080359374999 0.0641741078125 0.9068080359374999
3 0.001953125 0.9001116078125 0.044084821875 0.9001116078125 0.044084821875 0.982268415625 0.001953125 0.982268415625
2 0.35435267812500004 0.8766741078125 0.5641741078125 0.8766741078125 0.5641741078125 0.99609375 0.35435267812500004 0.99609375
1 0.20703125 0.6322544640625 0.28850446406249997 0.6322544640625 0.28850446406249997 0.7103794640625 0.20703125 0.7103794640625
3 0.35212053593750003 0.6858258921875 0.44921875 0.6858258921875 0.44921875 0.79296875 0.35212053593750003 0.79296875
1 0.46149553593750003 0.6936383921875 0.55078125 0.6936383921875 0.55078125 0.7717633921875 0.46149553593750003 0.7717633921875