0 0.47265625 0.6545758921875 0.6333705359375 0.6545758921875 0.6333705359375 0.8777901781249999 0.47265625 0.8777901781249999
3 0.34654017812500004 0.5262276781249999 0.49944196406249997 0.5262276781249999 0.49944196406249997 0.6568080359375 0.34654017812500004 0.6568080359375
3 0.1813616078125 0.43805803593750003 0.25725446406249997 0.43805803593750003 0.25725446406249997 0.5106026781249999 0.1813616078125 0.5106026781249999
3 0.18359375 0.38225446406249997 0.23939732187499999 0.38225446406249997 0.23939732187499999 0.43917410781250005 0.18359375 0.43917410781250005
3 0.2795758921875 0.34319196406249997 0.40457589218749995 0.34319196406249997 0.40457589218749995 0.45926339218749995 0.2795758921875 0.45926339218749995
2 0.001953125 0.1545758921875 0.112165178125 0.1545758921875 0.112165178125 0.3220982140625 0.001953125 0.3220982140625
3 0.6043526781249999 0.1389508921875 0.7193080359375 0.1389508921875 0.7193080359375 0.2516741078125 0.6043526781249999 0.2516741078125
3 0.68359375 0.005022321875 0.8297991078125 0.005022321875 0.8297991078125 0.0998883921875 0.68359375 0.0998883921875
3 0.20591517812500001 0.7684151781249999 0.31975446406249997 0.7684151781249999 0.31975446406249997 0.8967633921875 0.20591517812500001 0.8967633921875
3 0.10100446406250001 0.8376116078125 0.21595982187499999 0.8376116078125 0.21595982187499999 0.9481026781249999 0.10100446406250001 0.9481026781249999
3 0.001953125 0.7025669640625 0.0931919640625 0.7025669640625 0.0931919640625 0.8372528687499999 0.001953125 0.8372528687499999
3 0.0295758921875 0.46484375 0.10770089218750001 0.46484375 0.10770089218750001 0.5909598218750001 0.0295758921875 0.5909598218750001
3 0.37779017812500004 0.005022321875 0.5094866078125 0.005022321875 0.5094866078125 0.104352678125 0.37779017812500004 0.104352678125
1 0.7974330359375 0.6311383921875 0.8889508921875 0.6311383921875 0.8889508921875 0.7204241078125 0.7974330359375 0.7204241078125