0 0.36662946406249997 0.6545758921875 0.52734375 0.6545758921875 0.52734375 0.8777901781249999 0.36662946406249997 0.8777901781249999
3 0.5005580359375 0.5262276781249999 0.6534598218750001 0.5262276781249999 0.6534598218750001 0.6568080359375 0.5005580359375 0.6568080359375
3 0.7427455359375 0.43805803593750003 0.8186383921875 0.43805803593750003 0.8186383921875 0.5106026781249999 0.7427455359375 0.5106026781249999
3 0.7606026781249999 0.38225446406249997 0.81640625 0.38225446406249997 0.81640625 0.43917410781250005 0.7606026781249999 0.43917410781250005
3 0.5954241078125 0.34319196406249997 0.7204241078125 0.34319196406249997 0.7204241078125 0.45926339218749995 0.5954241078125 0.45926339218749995
2 0.8878348218750001 0.1545758921875 0.998046875 0.1545758921875 0.998046875 0.3220982140625 0.8878348218750001 0.3220982140625
3 0.28069196406249997 0.1389508921875 0.39564732187499996 0.1389508921875 0.39564732187499996 0.2516741078125 0.28069196406249997 0.2516741078125
3 0.1702008921875 0.005022321875 0.31640625 0.005022321875 0.31640625 0.0998883921875 0.1702008921875 0.0998883921875
3 0.6802455359375 0.7684151781249999 0.7940848218750001 0.7684151781249999 0.7940848218750001 0.8967633921875 0.6802455359375 0.8967633921875
3 0.7840401781249999 0.8376116078125 0.8989955359374999 0.8376116078125 0.8989955359374999 0.9481026781249999 0.7840401781249999 0.9481026781249999
3 0.9068080359374999 0.7025669640625 0.998046875 0.7025669640625 0.998046875 0.8372528687499999 0.9068080359374999 0.8372528687499999
3 0.8922991078125 0.46484375 0.9704241078125 0.46484375 0.9704241078125 0.5909598218750001 0.8922991078125 0.5909598218750001
3 0.49051339218749995 0.005022321875 0.6222098218750001 0.005022321875 0.6222098218750001 0.104352678125 0.49051339218749995 0.104352678125
1 0.11104910781249999 0.6311383921875 0.2025669640625 0.6311383921875 0.2025669640625 0.7204241078125 0.11104910781249999 0.7204241078125