2 0.0641741078125 0.2092633921875 0.23158482187499999 0.2092633921875 0.23158482187499999 0.30747767812500004 0.0641741078125 0.30747767812500004
3 0.0217633921875 0.086495534375 0.090959821875 0.086495534375 0.090959821875 0.1858258921875 0.0217633921875 0.1858258921875
0 0.54296875 0.096540178125 0.6969866078125 0.096540178125 0.6969866078125 0.26841517812500004 0.54296875 0.26841517812500004
1 0.56640625 0.2717633921875 0.6646205359375 0.2717633921875 0.6646205359375 0.35212053593750003 0.56640625 0.35212053593750003
3 0.41238839218749995 0.6177455359375 0.497209821875 0.6177455359375 0.497209821875 0.7527901781249999 0.41238839218749995 0.7527901781249999
3 0.36774553593750003 0.7427455359375 0.41350446406249997 0.7427455359375 0.41350446406249997 0.8030133921875 0.36774553593750003 0.8030133921875
2 0.38002232187499996 0.51953125 0.42020089218749995 0.51953125 0.42020089218749995 0.5697544640625 0.38002232187499996 0.5697544640625
2 0.434709821875 0.45368303593750003 0.5385044640625 0.45368303593750003 0.5385044640625 0.57421875 0.434709821875 0.57421875
3 0.25055803593750003 0.37220982187499996 0.31194196406249997 0.37220982187499996 0.31194196406249997 0.45368303593750003 0.25055803593750003 0.45368303593750003
1 0.30524553593750003 0.38783482187499996 0.37890625 0.38783482187499996 0.37890625 0.47712053593750003 0.30524553593750003 0.47712053593750003
2 0.018415178125 0.56640625 0.140066965625 0.56640625 0.140066965625 0.7025669640625 0.018415178125 0.7025669640625
2 0.0373883921875 0.471540178125 0.12444196562500001 0.471540178125 0.12444196562500001 0.5463169640625 0.0373883921875 0.5463169640625
2 0 0.40618024531249997 0.088727678125 0.40618024531249997 0.088727678125 0.48381696406249997 0 0.48381696406249997
2 0.8152901781249999 0.22377232187499999 0.9291294640625001 0.22377232187499999 0.9291294640625001 0.411272321875 0.8152901781249999 0.411272321875
0 0.70703125 0.23158482187499999 0.7806919640625 0.23158482187499999 0.7806919640625 0.31305803593750003 0.70703125 0.31305803593750003
2 0.6300223218750001 0.6244419640625 0.75390625 0.6244419640625 0.75390625 0.7639508921875 0.6300223218750001 0.7639508921875
3 0.8130580359374999 0.67578125 0.9112723218750001 0.67578125 0.9112723218750001 0.7795758921875 0.8130580359374999 0.7795758921875
3 0.7762276781249999 0.8364955359374999 0.9090401781249999 0.8364955359374999 0.9090401781249999 0.9369419640625001 0.7762276781249999 0.9369419640625001
2 0.7684151781249999 0.9525669640625001 0.8762977578125 0.9525669640625001 0.8762977578125 0.998046875 0.7684151781249999 0.998046875
2 0.8856026781249999 0.40011160781250005 0.9905133921875 0.40011160781250005 0.9905133921875 0.5061383921875 0.8856026781249999 0.5061383921875
2 0.9402901781249999 0.23158482187499999 0.998046875 0.23158482187499999 0.998046875 0.3547264578125 0.9402901781249999 0.3547264578125
2 0.7639508921875 0.5652901781249999 0.9358258921875 0.5652901781249999 0.9358258921875 0.6746651781249999 0.7639508921875 0.6746651781249999
2 0.6032366078125 0.8588169640625001 0.7059151781249999 0.8588169640625001 0.7059151781249999 0.9514508921875 0.6032366078125 0.9514508921875
2 0.6277901781249999 0.76171875 0.7282366078125 0.76171875 0.7282366078125 0.87109375 0.6277901781249999 0.87109375
1 0.7103794640625 0.39453125 0.8030133921875 0.39453125 0.8030133921875 0.471540178125 0.7103794640625 0.471540178125
3 0.20814732187499999 0.04296875 0.27622767812500004 0.04296875 0.27622767812500004 0.135602678125 0.20814732187499999 0.135602678125
0 0.2829241078125 0.055245534375 0.32756696406249997 0.055245534375 0.32756696406249997 0.161272321875 0.2829241078125 0.161272321875
2 0.33203125 0.0641741078125 0.3811383921875 0.0641741078125 0.3811383921875 0.155691965625 0.33203125 0.155691965625
2 0.2795758921875 0.20591517812500001 0.34654017812500004 0.20591517812500001 0.34654017812500004 0.28515625 0.2795758921875 0.28515625