3 0.7918526781249999 0.29408482187499996 0.91015625 0.29408482187499996 0.91015625 0.3967633921875 0.7918526781249999 0.3967633921875
3 0.8264508921875 0.44140625 0.8722098218750001 0.44140625 0.8722098218750001 0.48604910781250005 0.8264508921875 0.48604910781250005
2 0.5831473218750001 0.51171875 0.74609375 0.51171875 0.74609375 0.6556919640625 0.5831473218750001 0.6556919640625
3 0.30970982187499996 0.7628348218750001 0.3844866078125 0.7628348218750001 0.3844866078125 0.8588169640625001 0.30970982187499996 0.8588169640625001
3 0.35546875 0.6534598218750001 0.46037946406249997 0.6534598218750001 0.46037946406249997 0.7672991078125 0.35546875 0.7672991078125
3 0.130022321875 0.6010044640625 0.2092633921875 0.6010044640625 0.2092633921875 0.7103794640625 0.130022321875 0.7103794640625
2 0.09765625 0.41462053593750003 0.23046875 0.41462053593750003 0.23046875 0.5418526781249999 0.09765625 0.5418526781249999
3 0.0251116078125 0.46707589218749995 0.0853794640625 0.46707589218749995 0.0853794640625 0.5552455359375 0.0251116078125 0.5552455359375
2 0.001953125 0.28404017812500004 0.05859375 0.28404017812500004 0.05859375 0.4474265984375 0.001953125 0.4474265984375
1 0.2829241078125 0.16015625 0.403459821875 0.16015625 0.403459821875 0.2873883921875 0.2829241078125 0.2873883921875
0 0.5396205359375 0.133370534375 0.6969866078125 0.133370534375 0.6969866078125 0.2282366078125 0.5396205359375 0.2282366078125
3 0.5630580359375 0.33537946406249997 0.6568080359375 0.33537946406249997 0.6568080359375 0.442522321875 0.5630580359375 0.442522321875
3 0.001953125 0.056361607812500006 0.080915178125 0.056361607812500006 0.080915178125 0.1320335734375 0.001953125 0.1320335734375
3 0.119977678125 0.28850446406249997 0.184709821875 0.28850446406249997 0.184709821875 0.36774553593750003 0.119977678125 0.36774553593750003