3 0.08984375 0.29408482187499996 0.20814732187499999 0.29408482187499996 0.20814732187499999 0.3967633921875 0.08984375 0.3967633921875
3 0.127790178125 0.44140625 0.1735491078125 0.44140625 0.1735491078125 0.48604910781250005 0.127790178125 0.48604910781250005
2 0.25390625 0.51171875 0.416852678125 0.51171875 0.416852678125 0.6556919640625 0.25390625 0.6556919640625
3 0.6155133921875 0.7628348218750001 0.6902901781249999 0.7628348218750001 0.6902901781249999 0.8588169640625001 0.6155133921875 0.8588169640625001
3 0.5396205359375 0.6534598218750001 0.64453125 0.6534598218750001 0.64453125 0.7672991078125 0.5396205359375 0.7672991078125
3 0.7907366078125 0.6010044640625 0.8699776781249999 0.6010044640625 0.8699776781249999 0.7103794640625 0.7907366078125 0.7103794640625
2 0.76953125 0.41462053593750003 0.90234375 0.41462053593750003 0.90234375 0.5418526781249999 0.76953125 0.5418526781249999
3 0.9146205359374999 0.46707589218749995 0.9748883921875 0.46707589218749995 0.9748883921875 0.5552455359375 0.9146205359374999 0.5552455359375
2 0.94140625 0.28404017812500004 0.998046875 0.28404017812500004 0.998046875 0.4474265984375 0.94140625 0.4474265984375
1 0.5965401781249999 0.16015625 0.7170758921875 0.16015625 0.7170758921875 0.2873883921875 0.5965401781249999 0.2873883921875
0 0.3030133921875 0.133370534375 0.46037946406249997 0.133370534375 0.46037946406249997 0.2282366078125 0.3030133921875 0.2282366078125
3 0.34319196406249997 0.33537946406249997 0.43694196406249997 0.33537946406249997 0.43694196406249997 0.442522321875 0.34319196406249997 0.442522321875
3 0.9190848218750001 0.056361607812500006 0.998046875 0.056361607812500006 0.998046875 0.1320335734375 0.9190848218750001 0.1320335734375
3 0.8152901781249999 0.28850446406249997 0.8800223218750001 0.28850446406249997 0.8800223218750001 0.36774553593750003 0.8152901781249999 0.36774553593750003