2 0.65234375 0.40569196406249997 0.82421875 0.40569196406249997 0.82421875 0.56640625 0.65234375 0.56640625
2 0.7036830359375 0.31752232187499996 0.8119419656250001 0.31752232187499996 0.8119419656250001 0.43694196406249997 0.7036830359375 0.43694196406249997
2 0.497209821875 0.2036830359375 0.6623883921875 0.2036830359375 0.6623883921875 0.40457589218749995 0.497209821875 0.40457589218749995
3 0.2193080359375 0.2047991078125 0.38002232187499996 0.2047991078125 0.38002232187499996 0.37555803593750003 0.2193080359375 0.37555803593750003
3 0.2327008921875 0.09765625 0.38225446406249997 0.09765625 0.38225446406249997 0.21372767812500001 0.2327008921875 0.21372767812500001
3 0.22377232187499999 0.010602678124999999 0.36328125 0.010602678124999999 0.36328125 0.114397321875 0.22377232187499999 0.114397321875
3 0.0094866078125 0.01953125 0.14453125 0.01953125 0.14453125 0.12890625 0.0094866078125 0.12890625
3 0.034040178125 0.10881696562500001 0.15234375 0.10881696562500001 0.15234375 0.25055803593750003 0.034040178125 0.25055803593750003
3 0.0943080359375 0.21595982187499999 0.2126116078125 0.21595982187499999 0.2126116078125 0.38560267812500004 0.0943080359375 0.38560267812500004
3 0.487165178125 0.5407366078125 0.5775669640625 0.5407366078125 0.5775669640625 0.6501116078125 0.487165178125 0.6501116078125
1 0.5262276781249999 0.6590401781249999 0.5809151781249999 0.6590401781249999 0.5809151781249999 0.7315848218750001 0.5262276781249999 0.7315848218750001
3 0.5072544640625 0.7606026781249999 0.5943080359375 0.7606026781249999 0.5943080359375 0.82421875 0.5072544640625 0.82421875
3 0.5206473218750001 0.82421875 0.6077008921875 0.82421875 0.6077008921875 0.9302455359374999 0.5206473218750001 0.9302455359374999
3 0.6177455359375 0.6233258921875 0.7159598218750001 0.6233258921875 0.7159598218750001 0.7126116078125 0.6177455359375 0.7126116078125
3 0.60546875 0.5083705359375 0.68359375 0.5083705359375 0.68359375 0.5876116078125 0.60546875 0.5876116078125
3 0.6813616078125 0.8699776781249999 0.7963169640625 0.8699776781249999 0.7963169640625 0.9860491078125 0.6813616078125 0.9860491078125
3 0.36774553593750003 0.8286830359374999 0.48381696406249997 0.8286830359374999 0.48381696406249997 0.9436383921875 0.36774553593750003 0.9436383921875
3 0.25837053593750003 0.8286830359374999 0.3454241078125 0.8286830359374999 0.3454241078125 0.91796875 0.25837053593750003 0.91796875
3 0.135602678125 0.8030133921875 0.2092633921875 0.8030133921875 0.2092633921875 0.8967633921875 0.135602678125 0.8967633921875
3 0.174665178125 0.7170758921875 0.23716517812500001 0.7170758921875 0.23716517812500001 0.7974330359375 0.174665178125 0.7974330359375
3 0.1545758921875 0.5920758921875 0.23158482187499999 0.5920758921875 0.23158482187499999 0.6746651781249999 0.1545758921875 0.6746651781249999
3 0.1813616078125 0.43136160781250005 0.32756696406249997 0.43136160781250005 0.32756696406249997 0.5786830359375 0.1813616078125 0.5786830359375
3 0.0295758921875 0.7952008921875 0.13225446406250002 0.7952008921875 0.13225446406250002 0.8755580359374999 0.0295758921875 0.8755580359374999