2 0.17578125 0.40569196406249997 0.34765625 0.40569196406249997 0.34765625 0.56640625 0.17578125 0.56640625
2 0.188058034375 0.31752232187499996 0.29631696406249997 0.31752232187499996 0.29631696406249997 0.43694196406249997 0.188058034375 0.43694196406249997
2 0.3376116078125 0.2036830359375 0.5027901781249999 0.2036830359375 0.5027901781249999 0.40457589218749995 0.3376116078125 0.40457589218749995
3 0.6199776781249999 0.2047991078125 0.7806919640625 0.2047991078125 0.7806919640625 0.37555803593750003 0.6199776781249999 0.37555803593750003
3 0.6177455359375 0.09765625 0.7672991078125 0.09765625 0.7672991078125 0.21372767812500001 0.6177455359375 0.21372767812500001
3 0.63671875 0.010602678124999999 0.7762276781249999 0.010602678124999999 0.7762276781249999 0.114397321875 0.63671875 0.114397321875
3 0.85546875 0.01953125 0.9905133921875 0.01953125 0.9905133921875 0.12890625 0.85546875 0.12890625
3 0.84765625 0.10881696562500001 0.9659598218750001 0.10881696562500001 0.9659598218750001 0.25055803593750003 0.84765625 0.25055803593750003
3 0.7873883921875 0.21595982187499999 0.9056919640625001 0.21595982187499999 0.9056919640625001 0.38560267812500004 0.7873883921875 0.38560267812500004
3 0.42243303593750003 0.5407366078125 0.5128348218750001 0.5407366078125 0.5128348218750001 0.6501116078125 0.42243303593750003 0.6501116078125
1 0.419084821875 0.6590401781249999 0.473772321875 0.6590401781249999 0.473772321875 0.7315848218750001 0.419084821875 0.7315848218750001
3 0.40569196406249997 0.7606026781249999 0.49274553593750003 0.7606026781249999 0.49274553593750003 0.82421875 0.40569196406249997 0.82421875
3 0.3922991078125 0.82421875 0.479352678125 0.82421875 0.479352678125 0.9302455359374999 0.3922991078125 0.9302455359374999
3 0.28404017812500004 0.6233258921875 0.38225446406249997 0.6233258921875 0.38225446406249997 0.7126116078125 0.28404017812500004 0.7126116078125
3 0.31640625 0.5083705359375 0.39453125 0.5083705359375 0.39453125 0.5876116078125 0.31640625 0.5876116078125
3 0.2036830359375 0.8699776781249999 0.3186383921875 0.8699776781249999 0.3186383921875 0.9860491078125 0.2036830359375 0.9860491078125
3 0.5161830359375 0.8286830359374999 0.6322544640625 0.8286830359374999 0.6322544640625 0.9436383921875 0.5161830359375 0.9436383921875
3 0.6545758921875 0.8286830359374999 0.7416294640625 0.8286830359374999 0.7416294640625 0.91796875 0.6545758921875 0.91796875
3 0.7907366078125 0.8030133921875 0.8643973218750001 0.8030133921875 0.8643973218750001 0.8967633921875 0.7907366078125 0.8967633921875
3 0.7628348218750001 0.7170758921875 0.8253348218750001 0.7170758921875 0.8253348218750001 0.7974330359375 0.7628348218750001 0.7974330359375
3 0.7684151781249999 0.5920758921875 0.8454241078125 0.5920758921875 0.8454241078125 0.6746651781249999 0.7684151781249999 0.6746651781249999
3 0.6724330359375 0.43136160781250005 0.8186383921875 0.43136160781250005 0.8186383921875 0.5786830359375 0.6724330359375 0.5786830359375
3 0.8677455359374999 0.7952008921875 0.9704241078125 0.7952008921875 0.9704241078125 0.8755580359374999 0.8677455359374999 0.8755580359374999