1 0.35435267812500004 0.7159598218750001 0.46819196406249997 0.7159598218750001 0.46819196406249997 0.8108258921875 0.35435267812500004 0.8108258921875
3 0.46707589218749995 0.5764508921875 0.5719866078125 0.5764508921875 0.5719866078125 0.65234375 0.46707589218749995 0.65234375
3 0.7561383921875 0.6724330359375 0.8666294656250001 0.6724330359375 0.8666294656250001 0.7940848218750001 0.7561383921875 0.7940848218750001
3 0.22935267812500001 0.5072544640625 0.3532366078125 0.5072544640625 0.3532366078125 0.6155133921875 0.22935267812500001 0.6155133921875
3 0.22154017812500001 0.3766741078125 0.2952008921875 0.3766741078125 0.2952008921875 0.48604910781250005 0.22154017812500001 0.48604910781250005
3 0.2271205359375 0.2181919640625 0.35658482187499996 0.2181919640625 0.35658482187499996 0.33537946406249997 0.2271205359375 0.33537946406249997
3 0.32421875 0.11886160781249999 0.455915178125 0.11886160781249999 0.455915178125 0.22265625 0.32421875 0.22265625
3 0.0463169640625 0.3186383921875 0.12109375 0.3186383921875 0.12109375 0.44921875 0.0463169640625 0.44921875
3 0.2717633921875 0.008370534374999999 0.38337053593750003 0.008370534374999999 0.38337053593750003 0.08984375 0.2717633921875 0.08984375
3 0.6121651781249999 0.065290178125 0.7103794640625 0.065290178125 0.7103794640625 0.1545758921875 0.6121651781249999 0.1545758921875
3 0.75390625 0.137834821875 0.8342633921875 0.137834821875 0.8342633921875 0.21484375 0.75390625 0.21484375
3 0.81640625 0.29408482187499996 0.9402901781249999 0.29408482187499996 0.9402901781249999 0.3967633921875 0.81640625 0.3967633921875
1 0.6478794640625 0.3844866078125 0.7181919640625 0.3844866078125 0.7181919640625 0.48604910781250005 0.6478794640625 0.48604910781250005
1 0.48270089218749995 0.3889508921875 0.5775669640625 0.3889508921875 0.5775669640625 0.471540178125 0.48270089218749995 0.471540178125
3 0.48381696406249997 0.30189732187499996 0.57421875 0.30189732187499996 0.57421875 0.37779017812500004 0.48381696406249997 0.37779017812500004