1 0.5318080359375 0.7159598218750001 0.6456473218750001 0.7159598218750001 0.6456473218750001 0.8108258921875 0.5318080359375 0.8108258921875
3 0.42801339218749995 0.5764508921875 0.5329241078125 0.5764508921875 0.5329241078125 0.65234375 0.42801339218749995 0.65234375
3 0.133370534375 0.6724330359375 0.2438616078125 0.6724330359375 0.2438616078125 0.7940848218750001 0.133370534375 0.7940848218750001
3 0.6467633921875 0.5072544640625 0.7706473218750001 0.5072544640625 0.7706473218750001 0.6155133921875 0.6467633921875 0.6155133921875
3 0.7047991078125 0.3766741078125 0.7784598218750001 0.3766741078125 0.7784598218750001 0.48604910781250005 0.7047991078125 0.48604910781250005
3 0.6434151781249999 0.2181919640625 0.7728794640625 0.2181919640625 0.7728794640625 0.33537946406249997 0.6434151781249999 0.33537946406249997
3 0.5440848218750001 0.11886160781249999 0.67578125 0.11886160781249999 0.67578125 0.22265625 0.5440848218750001 0.22265625
3 0.87890625 0.3186383921875 0.9536830359374999 0.3186383921875 0.9536830359374999 0.44921875 0.87890625 0.44921875
3 0.6166294640625 0.008370534374999999 0.7282366078125 0.008370534374999999 0.7282366078125 0.08984375 0.6166294640625 0.08984375
3 0.28962053593750003 0.065290178125 0.38783482187499996 0.065290178125 0.38783482187499996 0.1545758921875 0.28962053593750003 0.1545758921875
3 0.1657366078125 0.137834821875 0.24609375 0.137834821875 0.24609375 0.21484375 0.1657366078125 0.21484375
3 0.059709821875 0.29408482187499996 0.18359375 0.29408482187499996 0.18359375 0.3967633921875 0.059709821875 0.3967633921875
1 0.28180803593750003 0.3844866078125 0.35212053593750003 0.3844866078125 0.35212053593750003 0.48604910781250005 0.28180803593750003 0.48604910781250005
1 0.42243303593750003 0.3889508921875 0.5172991078125 0.3889508921875 0.5172991078125 0.471540178125 0.42243303593750003 0.471540178125
3 0.42578125 0.30189732187499996 0.5161830359375 0.30189732187499996 0.5161830359375 0.37779017812500004 0.42578125 0.37779017812500004