1 0.19921875 0.7739955359375 0.26283482187499996 0.7739955359375 0.26283482187499996 0.8666294640625001 0.19921875 0.8666294640625001
3 0.169084821875 0.8610491078125 0.22377232187499999 0.8610491078125 0.22377232187499999 0.9536830359374999 0.169084821875 0.9536830359374999
3 0.00390625 0.8978794640625001 0.10100446562500001 0.8978794640625001 0.10100446562500001 0.9949776781249999 0.00390625 0.9949776781249999
3 0.0373883921875 0.7594866078125 0.098772321875 0.7594866078125 0.098772321875 0.8487723218750001 0.0373883921875 0.8487723218750001
3 0.11551339218750001 0.7684151781249999 0.1936383921875 0.7684151781249999 0.1936383921875 0.8722098218750001 0.11551339218750001 0.8722098218750001
1 0.45145089218749995 0.7204241078125 0.5552455359375 0.7204241078125 0.5552455359375 0.8353794640625001 0.45145089218749995 0.8353794640625001
1 0.32087053593750003 0.7427455359375 0.45479910781250005 0.7427455359375 0.45479910781250005 0.8253348218750001 0.32087053593750003 0.8253348218750001
2 0.2639508921875 0.8510044640625001 0.3454241078125 0.8510044640625001 0.3454241078125 0.9559151781249999 0.2639508921875 0.9559151781249999
1 0.38337053593750003 0.8565848218750001 0.494977678125 0.8565848218750001 0.494977678125 0.9670758921875 0.38337053593750003 0.9670758921875
1 0.3297991078125 0.9280133921875 0.40872573125 0.9280133921875 0.40872573125 0.998046875 0.3297991078125 0.998046875
1 0.0240325328125 0.4773795140625 0.10991453749999999 0.4773795140625 0.10991453749999999 0.6030516234375 0.0240325328125 0.6030516234375
0 0.8443080359374999 0.2114955359375 0.998046875 0.2114955359375 0.998046875 0.5200635609375001 0.8443080359374999 0.5200635609375001