1 0.7371651781249999 0.7739955359375 0.80078125 0.7739955359375 0.80078125 0.8666294640625001 0.7371651781249999 0.8666294640625001
3 0.7762276781249999 0.8610491078125 0.8309151781249999 0.8610491078125 0.8309151781249999 0.9536830359374999 0.7762276781249999 0.9536830359374999
3 0.8989955343749999 0.8978794640625001 0.99609375 0.8978794640625001 0.99609375 0.9949776781249999 0.8989955343749999 0.9949776781249999
3 0.9012276781249999 0.7594866078125 0.9626116078125 0.7594866078125 0.9626116078125 0.8487723218750001 0.9012276781249999 0.8487723218750001
3 0.8063616078125 0.7684151781249999 0.8844866078125 0.7684151781249999 0.8844866078125 0.8722098218750001 0.8063616078125 0.8722098218750001
1 0.44475446406249997 0.7204241078125 0.5485491078125 0.7204241078125 0.5485491078125 0.8353794640625001 0.44475446406249997 0.8353794640625001
1 0.5452008921875 0.7427455359375 0.6791294640625 0.7427455359375 0.6791294640625 0.8253348218750001 0.5452008921875 0.8253348218750001
2 0.6545758921875 0.8510044640625001 0.7360491078125 0.8510044640625001 0.7360491078125 0.9559151781249999 0.6545758921875 0.9559151781249999
1 0.5050223218750001 0.8565848218750001 0.6166294640625 0.8565848218750001 0.6166294640625 0.9670758921875 0.5050223218750001 0.9670758921875
1 0.59127426875 0.9280133921875 0.6702008921875 0.9280133921875 0.6702008921875 0.998046875 0.59127426875 0.998046875
1 0.8900854624999999 0.4773795140625 0.9759674671875 0.4773795140625 0.9759674671875 0.6030516234375 0.8900854624999999 0.6030516234375
0 0.001953125 0.2114955359375 0.15569196406250002 0.2114955359375 0.15569196406250002 0.5200635609375001 0.001953125 0.5200635609375001