1 0.39787946406249997 0.7650669640625 0.47712053593750003 0.7650669640625 0.47712053593750003 0.8353794640625001 0.39787946406249997 0.8353794640625001
1 0.2639508921875 0.7806919640625 0.35881696406249997 0.7806919640625 0.35881696406249997 0.8800223218750001 0.2639508921875 0.8800223218750001
1 0.3498883921875 0.42801339218749995 0.42578125 0.42801339218749995 0.42578125 0.5139508921875 0.3498883921875 0.5139508921875
1 0.5262276781249999 0.37220982187499996 0.6143973218750001 0.37220982187499996 0.6143973218750001 0.49609375 0.5262276781249999 0.49609375
3 0.6489955359375 0.49832589218749995 0.7293526781249999 0.49832589218749995 0.7293526781249999 0.5731026781249999 0.6489955359375 0.5731026781249999
1 0.48828125 0.6802455359375 0.5764508921875 0.6802455359375 0.5764508921875 0.7628348218750001 0.48828125 0.7628348218750001
2 0.5016741078125 0.8119419640625001 0.6623883921875 0.8119419640625001 0.6623883921875 0.8655133921875 0.5016741078125 0.8655133921875
1 0.12109375 0.09765625 0.2672991078125 0.09765625 0.2672991078125 0.25390625 0.12109375 0.25390625
3 0.3811383921875 0.04296875 0.458147321875 0.04296875 0.458147321875 0.16796875 0.3811383921875 0.16796875
3 0.47823660781250005 0.063058034375 0.5909598218750001 0.063058034375 0.5909598218750001 0.21484375 0.47823660781250005 0.21484375
3 0.001953125 0.27845982187499996 0.11774553593749999 0.27845982187499996 0.11774553593749999 0.41462311874999996 0.001953125 0.41462311874999996
3 0.0251116078125 0.40792410781250005 0.1735491078125 0.40792410781250005 0.1735491078125 0.5228794640625 0.0251116078125 0.5228794640625
3 0.001953125 0.51171875 0.1422991078125 0.51171875 0.1422991078125 0.6369505484375 0.001953125 0.6369505484375