1 0.5228794640625 0.7650669640625 0.6021205359375 0.7650669640625 0.6021205359375 0.8353794640625001 0.5228794640625 0.8353794640625001
1 0.6411830359375 0.7806919640625 0.7360491078125 0.7806919640625 0.7360491078125 0.8800223218750001 0.6411830359375 0.8800223218750001
1 0.57421875 0.42801339218749995 0.6501116078125 0.42801339218749995 0.6501116078125 0.5139508921875 0.57421875 0.5139508921875
1 0.38560267812500004 0.37220982187499996 0.473772321875 0.37220982187499996 0.473772321875 0.49609375 0.38560267812500004 0.49609375
3 0.27064732187499996 0.49832589218749995 0.35100446406249997 0.49832589218749995 0.35100446406249997 0.5731026781249999 0.27064732187499996 0.5731026781249999
1 0.42354910781250005 0.6802455359375 0.51171875 0.6802455359375 0.51171875 0.7628348218750001 0.42354910781250005 0.7628348218750001
2 0.3376116078125 0.8119419640625001 0.49832589218749995 0.8119419640625001 0.49832589218749995 0.8655133921875 0.3376116078125 0.8655133921875
1 0.7327008921875 0.09765625 0.87890625 0.09765625 0.87890625 0.25390625 0.7327008921875 0.25390625
3 0.5418526781249999 0.04296875 0.6188616078125 0.04296875 0.6188616078125 0.16796875 0.5418526781249999 0.16796875
3 0.409040178125 0.063058034375 0.5217633921875 0.063058034375 0.5217633921875 0.21484375 0.409040178125 0.21484375
3 0.8822544640625001 0.27845982187499996 0.998046875 0.27845982187499996 0.998046875 0.41462311874999996 0.8822544640625001 0.41462311874999996
3 0.8264508921875 0.40792410781250005 0.9748883921875 0.40792410781250005 0.9748883921875 0.5228794640625 0.8264508921875 0.5228794640625
3 0.8577008921875 0.51171875 0.998046875 0.51171875 0.998046875 0.6369505484375 0.8577008921875 0.6369505484375