1 0.5864955359375 0.0842633921875 0.6902901781249999 0.0842633921875 0.6902901781249999 0.182477678125 0.5864955359375 0.182477678125
3 0.3186383921875 0.020647321875 0.45145089218749995 0.020647321875 0.45145089218749995 0.133370534375 0.3186383921875 0.133370534375
1 0.6579241078125 0.6344866078125 0.7572544640625 0.6344866078125 0.7572544640625 0.7193080359375 0.6579241078125 0.7193080359375
1 0.7449776781249999 0.6110491078125 0.8297991078125 0.6110491078125 0.8297991078125 0.7248883921875 0.7449776781249999 0.7248883921875
1 0.8141741078125 0.49832589218749995 0.8878348218750001 0.49832589218749995 0.8878348218750001 0.5474330359375 0.8141741078125 0.5474330359375
3 0.5530133921875 0.3498883921875 0.6746651781249999 0.3498883921875 0.6746651781249999 0.47712053593750003 0.5530133921875 0.47712053593750003
3 0.47600446406249997 0.2126116078125 0.5518973218750001 0.2126116078125 0.5518973218750001 0.26953125 0.47600446406249997 0.26953125
3 0.32310267812500004 0.24497767812500001 0.43582589218749995 0.24497767812500001 0.43582589218749995 0.36774553593750003 0.32310267812500004 0.36774553593750003
3 0.2494419640625 0.38560267812500004 0.37444196406249997 0.38560267812500004 0.37444196406249997 0.5340401781249999 0.2494419640625 0.5340401781249999
3 0.416852678125 0.5675223218750001 0.5005580359375 0.5675223218750001 0.5005580359375 0.6378348218750001 0.416852678125 0.6378348218750001
3 0.3063616078125 0.7505580359375 0.44921875 0.7505580359375 0.44921875 0.8454241078125 0.3063616078125 0.8454241078125
3 0.001953125 0.44083207187499995 0.13337053593749998 0.44083207187499995 0.13337053593749998 0.6222098218750001 0.001953125 0.6222098218750001
0 0.20814732187499999 0.8643973218750001 0.38560267812500004 0.8643973218750001 0.38560267812500004 0.9715401781249999 0.20814732187499999 0.9715401781249999
1 0.6880580359375 0.8186383921875 0.80078125 0.8186383921875 0.80078125 0.9034598218750001 0.6880580359375 0.9034598218750001
3 0.7940848218750001 0.8889508921875 0.8722098218750001 0.8889508921875 0.8722098218750001 0.9425223218750001 0.7940848218750001 0.9425223218750001
3 0.877278646875 0.8989955359374999 0.9994419640625001 0.8989955359374999 0.9994419640625001 0.998046875 0.877278646875 0.998046875
3 0.9369419656250001 0.37747805625 1 0.37747805625 1 0.5217633921875 0.9369419656250001 0.5217633921875