1 0.30970982187499996 0.0842633921875 0.41350446406249997 0.0842633921875 0.41350446406249997 0.182477678125 0.30970982187499996 0.182477678125
3 0.5485491078125 0.020647321875 0.6813616078125 0.020647321875 0.6813616078125 0.133370534375 0.5485491078125 0.133370534375
1 0.2427455359375 0.6344866078125 0.3420758921875 0.6344866078125 0.3420758921875 0.7193080359375 0.2427455359375 0.7193080359375
1 0.1702008921875 0.6110491078125 0.25502232187499996 0.6110491078125 0.25502232187499996 0.7248883921875 0.1702008921875 0.7248883921875
1 0.112165178125 0.49832589218749995 0.1858258921875 0.49832589218749995 0.1858258921875 0.5474330359375 0.112165178125 0.5474330359375
3 0.32533482187499996 0.3498883921875 0.44698660781250005 0.3498883921875 0.44698660781250005 0.47712053593750003 0.32533482187499996 0.47712053593750003
3 0.448102678125 0.2126116078125 0.5239955359375 0.2126116078125 0.5239955359375 0.26953125 0.448102678125 0.26953125
3 0.5641741078125 0.24497767812500001 0.6768973218750001 0.24497767812500001 0.6768973218750001 0.36774553593750003 0.5641741078125 0.36774553593750003
3 0.6255580359375 0.38560267812500004 0.7505580359375 0.38560267812500004 0.7505580359375 0.5340401781249999 0.6255580359375 0.5340401781249999
3 0.49944196406249997 0.5675223218750001 0.5831473218750001 0.5675223218750001 0.5831473218750001 0.6378348218750001 0.49944196406249997 0.6378348218750001
3 0.55078125 0.7505580359375 0.6936383921875 0.7505580359375 0.6936383921875 0.8454241078125 0.55078125 0.8454241078125
3 0.8666294640625001 0.44083207187499995 0.998046875 0.44083207187499995 0.998046875 0.6222098218750001 0.8666294640625001 0.6222098218750001
0 0.6143973218750001 0.8643973218750001 0.7918526781249999 0.8643973218750001 0.7918526781249999 0.9715401781249999 0.6143973218750001 0.9715401781249999
1 0.19921875 0.8186383921875 0.31194196406249997 0.8186383921875 0.31194196406249997 0.9034598218750001 0.19921875 0.9034598218750001
3 0.127790178125 0.8889508921875 0.20591517812500001 0.8889508921875 0.20591517812500001 0.9425223218750001 0.127790178125 0.9425223218750001
3 0.0005580359375 0.8989955359374999 0.12272135312500002 0.8989955359374999 0.12272135312500002 0.998046875 0.0005580359375 0.998046875
3 0 0.37747805625 0.063058034375 0.37747805625 0.063058034375 0.5217633921875 0 0.5217633921875