2 0.7472098218750001 0.7003348218750001 0.9302455343749999 0.7003348218750001 0.9302455343749999 0.9391741078125 0.7472098218750001 0.9391741078125
2 0.6356026781249999 0.8722098218750001 0.80078125 0.8722098218750001 0.80078125 0.9972098218750001 0.6356026781249999 0.9972098218750001
2 0.5239955359375 0.5217633921875 0.6277901781249999 0.5217633921875 0.6277901781249999 0.5864955359375 0.5239955359375 0.5864955359375
2 0.494977678125 0.5686383921875 0.6188616078125 0.5686383921875 0.6188616078125 0.64453125 0.494977678125 0.64453125
2 0.450334821875 0.6110491078125 0.54296875 0.6110491078125 0.54296875 0.7014508921875 0.450334821875 0.7014508921875
0 0.458147321875 0.69140625 0.5474330359375 0.69140625 0.5474330359375 0.7862723218750001 0.458147321875 0.7862723218750001
3 0.36328125 0.7036830359375 0.45256696406249997 0.7036830359375 0.45256696406249997 0.8041294640625001 0.36328125 0.8041294640625001
2 0.26953125 0.76953125 0.38560267812500004 0.76953125 0.38560267812500004 0.8911830359374999 0.26953125 0.8911830359374999
2 0.1657366078125 0.8175223218750001 0.27845982187499996 0.8175223218750001 0.27845982187499996 0.9637276781249999 0.1657366078125 0.9637276781249999
2 0.010602678124999999 0.002790178125 0.14006696406250002 0.002790178125 0.14006696406250002 0.0998883921875 0.010602678124999999 0.0998883921875
0 0.3688616078125 0.10323660781249999 0.497209821875 0.10323660781249999 0.497209821875 0.20033482187499999 0.3688616078125 0.20033482187499999