2 0.069754465625 0.7003348218750001 0.25279017812500004 0.7003348218750001 0.25279017812500004 0.9391741078125 0.069754465625 0.9391741078125
2 0.19921875 0.8722098218750001 0.36439732187499996 0.8722098218750001 0.36439732187499996 0.9972098218750001 0.19921875 0.9972098218750001
2 0.37220982187499996 0.5217633921875 0.47600446406249997 0.5217633921875 0.47600446406249997 0.5864955359375 0.37220982187499996 0.5864955359375
2 0.3811383921875 0.5686383921875 0.5050223218750001 0.5686383921875 0.5050223218750001 0.64453125 0.3811383921875 0.64453125
2 0.45703125 0.6110491078125 0.5496651781249999 0.6110491078125 0.5496651781249999 0.7014508921875 0.45703125 0.7014508921875
0 0.45256696406249997 0.69140625 0.5418526781249999 0.69140625 0.5418526781249999 0.7862723218750001 0.45256696406249997 0.7862723218750001
3 0.5474330359375 0.7036830359375 0.63671875 0.7036830359375 0.63671875 0.8041294640625001 0.5474330359375 0.8041294640625001
2 0.6143973218750001 0.76953125 0.73046875 0.76953125 0.73046875 0.8911830359374999 0.6143973218750001 0.8911830359374999
2 0.7215401781249999 0.8175223218750001 0.8342633921875 0.8175223218750001 0.8342633921875 0.9637276781249999 0.7215401781249999 0.9637276781249999
2 0.8599330359374999 0.002790178125 0.9893973218750001 0.002790178125 0.9893973218750001 0.0998883921875 0.8599330359374999 0.0998883921875
0 0.5027901781249999 0.10323660781249999 0.6311383921875 0.10323660781249999 0.6311383921875 0.20033482187499999 0.5027901781249999 0.20033482187499999