3 0.33867835 0.021430421875 0.475720821875 0.021430421875 0.475720821875 0.17897531093750002 0.33867835 0.17897531093750002
1 0.3203340828125 0.21026847499999998 0.412055421875 0.21026847499999998 0.412055421875 0.3095433359375 0.3203340828125 0.3095433359375
3 0.5523351171875001 0.24695700937499998 0.686140365625 0.24695700937499998 0.686140365625 0.34946909531250003 0.5523351171875001 0.34946909531250003
3 0.7908106015625 0.23292904062500003 0.8652667484375 0.23292904062500003 0.8652667484375 0.31062240937499996 0.7908106015625 0.31062240937499996
3 0.8868482390624999 0.560967715625 0.9861231015625 0.560967715625 0.9861231015625 0.671033321875 0.8868482390624999 0.671033321875
3 0.7972850484375 0.5696003109375 0.8911645375000001 0.5696003109375 0.8911645375000001 0.686140365625 0.7972850484375 0.686140365625
3 0.7098800078124999 0.532911775 0.7908106015625 0.532911775 0.7908106015625 0.6904566640625001 0.7098800078124999 0.6904566640625001
3 0.6257121890625 0.5663630875 0.7163544546875 0.5663630875 0.7163544546875 0.7152753796875 0.6257121890625 0.7152753796875
3 0.540465296875 0.590102728125 0.623554040625 0.590102728125 0.623554040625 0.732540571875 0.540465296875 0.732540571875
3 0.45413932968750004 0.6321866359375 0.5490978953125001 0.6321866359375 0.5490978953125001 0.7487266921875 0.45413932968750004 0.7487266921875
3 0.38292040781250003 0.6440564578125 0.4606137765625 0.6440564578125 0.4606137765625 0.767070959375 0.38292040781250003 0.767070959375
3 0.2901199921875 0.654847203125 0.3796831828125 0.654847203125 0.3796831828125 0.7843361515625 0.2901199921875 0.7843361515625
3 0.1368914015625 0.6829031421875 0.22537551718749999 0.6829031421875 0.22537551718749999 0.769229109375 0.1368914015625 0.769229109375
3 0.0732260015625 0.59765625 0.199477728125 0.59765625 0.199477728125 0.726066125 0.0732260015625 0.726066125
3 0.02898394375 0.5210419546875 0.1293378796875 0.5210419546875 0.1293378796875 0.6354238609375 0.02898394375 0.6354238609375
0 0.0235885703125 0.2858036953125 0.2415616359375 0.2858036953125 0.2415616359375 0.5275164015625 0.0235885703125 0.5275164015625
2 0.14336585 0.1735799375 0.267459428125 0.1735799375 0.267459428125 0.294436290625 0.14336585 0.294436290625
0 0.0645934046875 0.0009280046874999999 0.278250171875 0.0009280046874999999 0.278250171875 0.135812328125 0.0645934046875 0.135812328125
3 0.882531940625 0.7584383640625 0.9990719953125 0.7584383640625 0.9990719953125 0.8685039703124999 0.882531940625 0.8685039703124999
3 0.90735065625 0.8760574921875 0.991518475 0.8760574921875 0.991518475 0.947276415625 0.90735065625 0.947276415625
2 0.4962232390625 0.8296572843750001 0.66563795 0.8296572843750001 0.66563795 0.9418810437499999 0.4962232390625 0.9418810437499999
2 0.42716246562500004 0.8771365687499999 0.5124093578125 0.8771365687499999 0.5124093578125 0.9666997578125001 0.42716246562500004 0.9666997578125001
2 0.664558875 0.8328945093750001 0.7584383640625 0.8328945093750001 0.7584383640625 0.9710160562500001 0.664558875 0.9710160562500001