3 0.524279178125 0.021430421875 0.66132165 0.021430421875 0.66132165 0.17897531093750002 0.524279178125 0.17897531093750002
1 0.587944578125 0.21026847499999998 0.6796659171874999 0.21026847499999998 0.6796659171874999 0.3095433359375 0.587944578125 0.3095433359375
3 0.31385963437500003 0.24695700937499998 0.44766488281249994 0.24695700937499998 0.44766488281249994 0.34946909531250003 0.31385963437500003 0.34946909531250003
3 0.1347332515625 0.23292904062500003 0.2091893984375 0.23292904062500003 0.2091893984375 0.31062240937499996 0.1347332515625 0.31062240937499996
3 0.013876898437499998 0.560967715625 0.11315176093749998 0.560967715625 0.11315176093749998 0.671033321875 0.013876898437499998 0.671033321875
3 0.10883546250000001 0.5696003109375 0.20271495156250002 0.5696003109375 0.20271495156250002 0.686140365625 0.10883546250000001 0.686140365625
3 0.2091893984375 0.532911775 0.2901199921875 0.532911775 0.2901199921875 0.6904566640625001 0.2091893984375 0.6904566640625001
3 0.2836455453125 0.5663630875 0.37428781093749997 0.5663630875 0.37428781093749997 0.7152753796875 0.2836455453125 0.7152753796875
3 0.37644595937499997 0.590102728125 0.459534703125 0.590102728125 0.459534703125 0.732540571875 0.37644595937499997 0.732540571875
3 0.45090210468749997 0.6321866359375 0.5458606703125 0.6321866359375 0.5458606703125 0.7487266921875 0.45090210468749997 0.7487266921875
3 0.5393862234375 0.6440564578125 0.6170795921875001 0.6440564578125 0.6170795921875001 0.767070959375 0.5393862234375 0.767070959375
3 0.6203168171875 0.654847203125 0.7098800078124999 0.654847203125 0.7098800078124999 0.7843361515625 0.6203168171875 0.7843361515625
3 0.7746244828125 0.6829031421875 0.8631085984375 0.6829031421875 0.8631085984375 0.769229109375 0.7746244828125 0.769229109375
3 0.800522271875 0.59765625 0.9267739984375 0.59765625 0.9267739984375 0.726066125 0.800522271875 0.726066125
3 0.8706621203125 0.5210419546875 0.9710160562500001 0.5210419546875 0.9710160562500001 0.6354238609375 0.8706621203125 0.6354238609375
0 0.7584383640625 0.2858036953125 0.9764114296875 0.2858036953125 0.9764114296875 0.5275164015625 0.7584383640625 0.5275164015625
2 0.732540571875 0.1735799375 0.85663415 0.1735799375 0.85663415 0.294436290625 0.732540571875 0.294436290625
0 0.721749828125 0.0009280046874999999 0.9354065953124999 0.0009280046874999999 0.9354065953124999 0.135812328125 0.721749828125 0.135812328125
3 0.0009280046874999999 0.7584383640625 0.117468059375 0.7584383640625 0.117468059375 0.8685039703124999 0.0009280046874999999 0.8685039703124999
3 0.008481525 0.8760574921875 0.09264934375 0.8760574921875 0.09264934375 0.947276415625 0.008481525 0.947276415625
2 0.33436205 0.8296572843750001 0.5037767609375 0.8296572843750001 0.5037767609375 0.9418810437499999 0.33436205 0.9418810437499999
2 0.48759064218750003 0.8771365687499999 0.572837534375 0.8771365687499999 0.572837534375 0.9666997578125001 0.48759064218750003 0.9666997578125001
2 0.2415616359375 0.8328945093750001 0.335441125 0.8328945093750001 0.335441125 0.9710160562500001 0.2415616359375 0.9710160562500001