3 0.3454241078125 0.28069196406249997 0.47488839218749995 0.28069196406249997 0.47488839218749995 0.40792410781250005 0.3454241078125 0.40792410781250005
3 0.10993303437499999 0.3186383921875 0.25279017812500004 0.3186383921875 0.25279017812500004 0.39453125 0.10993303437499999 0.39453125
3 0.11774553437499999 0.5396205359375 0.2248883921875 0.5396205359375 0.2248883921875 0.6255580359375 0.11774553437499999 0.6255580359375
2 0.57421875 0.5340401781249999 0.7237723218750001 0.5340401781249999 0.7237723218750001 0.6501116078125 0.57421875 0.6501116078125
3 0.7047991078125 0.25837053593750003 0.8275669640625001 0.25837053593750003 0.8275669640625001 0.36216517812500004 0.7047991078125 0.36216517812500004
3 0.50390625 0.0139508921875 0.63671875 0.0139508921875 0.63671875 0.132254465625 0.50390625 0.132254465625
3 0.9157366078125 0.0027461234375000003 0.998046875 0.0027461234375000003 0.998046875 0.11104910781249999 0.9157366078125 0.11104910781249999
2 0.106584821875 0.096540178125 0.2717633921875 0.096540178125 0.2717633921875 0.2014508921875 0.106584821875 0.2014508921875
2 0.088727678125 0.0016741078125 0.2260044640625 0.0016741078125 0.2260044640625 0.10546875 0.088727678125 0.10546875
3 0.1467633921875 0.8744419640625001 0.2516741078125 0.8744419640625001 0.2516741078125 0.9782366078125 0.1467633921875 0.9782366078125
3 0.8800223218750001 0.28962053593750003 0.9693080359374999 0.28962053593750003 0.9693080359374999 0.40680803593750003 0.8800223218750001 0.40680803593750003