3 0.91015625 0.093191965625 0.99609375 0.093191965625 0.99609375 0.19921875 0.91015625 0.19921875
3 0.34654017812500004 0.119977678125 0.434709821875 0.119977678125 0.434709821875 0.21484375 0.34654017812500004 0.21484375
1 0.44475446406249997 0.46819196406249997 0.5228794640625 0.46819196406249997 0.5228794640625 0.5407366078125 0.44475446406249997 0.5407366078125
3 0.1969866078125 0.403459821875 0.32087053593750003 0.403459821875 0.32087053593750003 0.5262276781249999 0.1969866078125 0.5262276781249999
1 0.32310267812500004 0.6088169640625 0.40569196406249997 0.6088169640625 0.40569196406249997 0.6847098218750001 0.32310267812500004 0.6847098218750001
3 0.132254465625 0.7650669640625 0.2282366078125 0.7650669640625 0.2282366078125 0.86328125 0.132254465625 0.86328125
1 0.049665178125 0.9001116078125 0.2132493609375 0.9001116078125 0.2132493609375 0.998046875 0.049665178125 0.998046875
1 0.489397321875 0.8532366078125 0.5864955359375 0.8532366078125 0.5864955359375 0.97265625 0.489397321875 0.97265625
3 0.26506696406249997 0.8588169640625001 0.3811383921875 0.8588169640625001 0.3811383921875 0.9715401781249999 0.26506696406249997 0.9715401781249999
3 0.6657366078125 0.5463169640625 0.7594866078125 0.5463169640625 0.7594866078125 0.6489955359375 0.6657366078125 0.6489955359375
3 0.5340401781249999 0.056361607812500006 0.6657366078125 0.056361607812500006 0.6657366078125 0.184709821875 0.5340401781249999 0.184709821875