3 0.00390625 0.093191965625 0.08984375 0.093191965625 0.08984375 0.19921875 0.00390625 0.19921875
3 0.5652901781249999 0.119977678125 0.6534598218750001 0.119977678125 0.6534598218750001 0.21484375 0.5652901781249999 0.21484375
1 0.47712053593750003 0.46819196406249997 0.5552455359375 0.46819196406249997 0.5552455359375 0.5407366078125 0.47712053593750003 0.5407366078125
3 0.6791294640625 0.403459821875 0.8030133921875 0.403459821875 0.8030133921875 0.5262276781249999 0.6791294640625 0.5262276781249999
1 0.5943080359375 0.6088169640625 0.6768973218750001 0.6088169640625 0.6768973218750001 0.6847098218750001 0.5943080359375 0.6847098218750001
3 0.7717633921875 0.7650669640625 0.8677455343749999 0.7650669640625 0.8677455343749999 0.86328125 0.7717633921875 0.86328125
1 0.7867506390625 0.9001116078125 0.9503348218750001 0.9001116078125 0.9503348218750001 0.998046875 0.7867506390625 0.998046875
1 0.41350446406249997 0.8532366078125 0.5106026781249999 0.8532366078125 0.5106026781249999 0.97265625 0.41350446406249997 0.97265625
3 0.6188616078125 0.8588169640625001 0.7349330359375 0.8588169640625001 0.7349330359375 0.9715401781249999 0.6188616078125 0.9715401781249999
3 0.2405133921875 0.5463169640625 0.3342633921875 0.5463169640625 0.3342633921875 0.6489955359375 0.2405133921875 0.6489955359375
3 0.3342633921875 0.056361607812500006 0.465959821875 0.056361607812500006 0.465959821875 0.184709821875 0.3342633921875 0.184709821875