3 0.3376116078125 0.432477678125 0.41238839218749995 0.432477678125 0.41238839218749995 0.5262276781249999 0.3376116078125 0.5262276781249999
3 0.37555803593750003 0.5184151781249999 0.45479910781250005 0.5184151781249999 0.45479910781250005 0.5987723218750001 0.37555803593750003 0.5987723218750001
3 0.41350446406249997 0.481584821875 0.48604910781250005 0.481584821875 0.48604910781250005 0.5418526781249999 0.41350446406249997 0.5418526781249999
3 0.25502232187499996 0.53515625 0.3532366078125 0.53515625 0.3532366078125 0.63671875 0.25502232187499996 0.63671875
3 0.112165178125 0.6266741078125 0.2126116078125 0.6266741078125 0.2126116078125 0.7505580359375 0.112165178125 0.7505580359375
3 0.0228794640625 0.55859375 0.096540178125 0.55859375 0.096540178125 0.6668526781249999 0.0228794640625 0.6668526781249999
3 0.32868303593750003 0.5954241078125 0.46707589218749995 0.5954241078125 0.46707589218749995 0.7650669640625 0.32868303593750003 0.7650669640625
1 0.47265625 0.73828125 0.5842633921875 0.73828125 0.5842633921875 0.8577008921875 0.47265625 0.8577008921875
1 0.7706473218750001 0.41238839218749995 0.8655133921875 0.41238839218749995 0.8655133921875 0.48604910781250005 0.7706473218750001 0.48604910781250005
1 0.7985491078125 0.2193080359375 0.8800223218750001 0.2193080359375 0.8800223218750001 0.28850446406249997 0.7985491078125 0.28850446406249997
1 0.87890625 0.3811383921875 0.9447544640625001 0.3811383921875 0.9447544640625001 0.47265625 0.87890625 0.47265625
3 0.9224330359374999 0.450334821875 0.9849330359374999 0.450334821875 0.9849330359374999 0.5318080359375 0.9224330359374999 0.5318080359375
3 0.9347098218750001 0.0485491078125 0.998046875 0.0485491078125 0.998046875 0.12077557187500002 0.9347098218750001 0.12077557187500002