3 0.5876116078125 0.432477678125 0.6623883921875 0.432477678125 0.6623883921875 0.5262276781249999 0.5876116078125 0.5262276781249999
3 0.5452008921875 0.5184151781249999 0.6244419640625 0.5184151781249999 0.6244419640625 0.5987723218750001 0.5452008921875 0.5987723218750001
3 0.5139508921875 0.481584821875 0.5864955359375 0.481584821875 0.5864955359375 0.5418526781249999 0.5139508921875 0.5418526781249999
3 0.6467633921875 0.53515625 0.7449776781249999 0.53515625 0.7449776781249999 0.63671875 0.6467633921875 0.63671875
3 0.7873883921875 0.6266741078125 0.8878348218750001 0.6266741078125 0.8878348218750001 0.7505580359375 0.7873883921875 0.7505580359375
3 0.9034598218750001 0.55859375 0.9771205359374999 0.55859375 0.9771205359374999 0.6668526781249999 0.9034598218750001 0.6668526781249999
3 0.5329241078125 0.5954241078125 0.6713169640625 0.5954241078125 0.6713169640625 0.7650669640625 0.5329241078125 0.7650669640625
1 0.41573660781250005 0.73828125 0.52734375 0.73828125 0.52734375 0.8577008921875 0.41573660781250005 0.8577008921875
1 0.1344866078125 0.41238839218749995 0.22935267812500001 0.41238839218749995 0.22935267812500001 0.48604910781250005 0.1344866078125 0.48604910781250005
1 0.119977678125 0.2193080359375 0.2014508921875 0.2193080359375 0.2014508921875 0.28850446406249997 0.119977678125 0.28850446406249997
1 0.0552455359375 0.3811383921875 0.12109375 0.3811383921875 0.12109375 0.47265625 0.0552455359375 0.47265625
3 0.015066964062499999 0.450334821875 0.0775669640625 0.450334821875 0.0775669640625 0.5318080359375 0.015066964062499999 0.5318080359375
3 0.001953125 0.0485491078125 0.065290178125 0.0485491078125 0.065290178125 0.12077557187500002 0.001953125 0.12077557187500002