2 0.29408482187499996 0.7818080359375 0.5295758921875 0.7818080359375 0.5295758921875 0.9112723218750001 0.29408482187499996 0.9112723218750001
2 0.36980329218749997 0.8856026781249999 0.46819196406249997 0.8856026781249999 0.46819196406249997 0.998046875 0.36980329218749997 0.998046875
3 0.6947544640625 0.8186383921875 0.8052455343749999 0.8186383921875 0.8052455343749999 0.93359375 0.6947544640625 0.93359375
3 0.8052455343749999 0.7795758921875 0.8844866078125 0.7795758921875 0.8844866078125 0.8666294640625001 0.8052455343749999 0.8666294640625001
3 0.8655133921875 0.7416294640625 0.97265625 0.7416294640625 0.97265625 0.8577008921875 0.8655133921875 0.8577008921875
1 0.5831473218750001 0.6891741078125 0.6813616078125 0.6891741078125 0.6813616078125 0.79296875 0.5831473218750001 0.79296875
1 0.5072544640625 0.55859375 0.6322544640625 0.55859375 0.6322544640625 0.6400669640625 0.5072544640625 0.6400669640625
0 0.5485491078125 0.45479910781250005 0.6824776781249999 0.45479910781250005 0.6824776781249999 0.5842633921875 0.5485491078125 0.5842633921875
3 0.8275669656250001 0.5853794640625 0.9503348218750001 0.5853794640625 0.9503348218750001 0.6891741078125 0.8275669656250001 0.6891741078125
3 0.7371651781249999 0.481584821875 0.8521205343749999 0.481584821875 0.8521205343749999 0.5552455359375 0.7371651781249999 0.5552455359375
3 0.8376116078125 0.5172991078125 0.9838169640625001 0.5172991078125 0.9838169640625001 0.6043526781249999 0.8376116078125 0.6043526781249999
3 0.473772321875 0.432477678125 0.5697544640625 0.432477678125 0.5697544640625 0.5362723218750001 0.473772321875 0.5362723218750001
1 0.38560267812500004 0.46930803593750003 0.46819196406249997 0.46930803593750003 0.46819196406249997 0.53515625 0.38560267812500004 0.53515625
3 0.28069196406249997 0.6043526781249999 0.33872767812500004 0.6043526781249999 0.33872767812500004 0.6646205359375 0.28069196406249997 0.6646205359375
2 0.001953125 0.2327008921875 0.12109375 0.2327008921875 0.12109375 0.329096490625 0.001953125 0.329096490625
2 0.2438616078125 0.002790178125 0.43136160781250005 0.002790178125 0.43136160781250005 0.182477678125 0.2438616078125 0.182477678125
2 0.010602678124999999 0.005022321875 0.16462053593749998 0.005022321875 0.16462053593749998 0.1389508921875 0.010602678124999999 0.1389508921875
2 0.42578125 0.11104910781249999 0.58984375 0.11104910781249999 0.58984375 0.192522321875 0.42578125 0.192522321875
1 0.7215401781249999 0.054129465625 0.8152901781249999 0.054129465625 0.8152901781249999 0.1702008921875 0.7215401781249999 0.1702008921875
1 0.7628348218750001 0.182477678125 0.8577008921875 0.182477678125 0.8577008921875 0.2952008921875 0.7628348218750001 0.2952008921875
1 0.8364955343749999 0.33872767812500004 0.9280133921875 0.33872767812500004 0.9280133921875 0.463727678125 0.8364955343749999 0.463727678125
3 0.9123883921875 0.36774553593750003 0.9871651781249999 0.36774553593750003 0.9871651781249999 0.44698660781250005 0.9123883921875 0.44698660781250005
3 0.9045758921875 0.1858258921875 0.9916294656250001 0.1858258921875 0.9916294656250001 0.28515625 0.9045758921875 0.28515625
3 0.8197544656250001 0.8956473218750001 0.9291294656250001 0.8956473218750001 0.9291294656250001 0.9972098218750001 0.8197544656250001 0.9972098218750001