2 0.47042410781250005 0.7818080359375 0.7059151781249999 0.7818080359375 0.7059151781249999 0.9112723218750001 0.47042410781250005 0.9112723218750001
2 0.5318080359375 0.8856026781249999 0.6301967078125 0.8856026781249999 0.6301967078125 0.998046875 0.5318080359375 0.998046875
3 0.194754465625 0.8186383921875 0.30524553593750003 0.8186383921875 0.30524553593750003 0.93359375 0.194754465625 0.93359375
3 0.11551339218750001 0.7795758921875 0.194754465625 0.7795758921875 0.194754465625 0.8666294640625001 0.11551339218750001 0.8666294640625001
3 0.02734375 0.7416294640625 0.1344866078125 0.7416294640625 0.1344866078125 0.8577008921875 0.02734375 0.8577008921875
1 0.3186383921875 0.6891741078125 0.416852678125 0.6891741078125 0.416852678125 0.79296875 0.3186383921875 0.79296875
1 0.36774553593750003 0.55859375 0.49274553593750003 0.55859375 0.49274553593750003 0.6400669640625 0.36774553593750003 0.6400669640625
0 0.31752232187499996 0.45479910781250005 0.45145089218749995 0.45479910781250005 0.45145089218749995 0.5842633921875 0.31752232187499996 0.5842633921875
3 0.049665178125 0.5853794640625 0.172433034375 0.5853794640625 0.172433034375 0.6891741078125 0.049665178125 0.6891741078125
3 0.147879465625 0.481584821875 0.26283482187499996 0.481584821875 0.26283482187499996 0.5552455359375 0.147879465625 0.5552455359375
3 0.0161830359375 0.5172991078125 0.1623883921875 0.5172991078125 0.1623883921875 0.6043526781249999 0.0161830359375 0.6043526781249999
3 0.43024553593750003 0.432477678125 0.5262276781249999 0.432477678125 0.5262276781249999 0.5362723218750001 0.43024553593750003 0.5362723218750001
1 0.5318080359375 0.46930803593750003 0.6143973218750001 0.46930803593750003 0.6143973218750001 0.53515625 0.5318080359375 0.53515625
3 0.6612723218750001 0.6043526781249999 0.7193080359375 0.6043526781249999 0.7193080359375 0.6646205359375 0.6612723218750001 0.6646205359375
2 0.87890625 0.2327008921875 0.998046875 0.2327008921875 0.998046875 0.329096490625 0.87890625 0.329096490625
2 0.5686383921875 0.002790178125 0.7561383921875 0.002790178125 0.7561383921875 0.182477678125 0.5686383921875 0.182477678125
2 0.8353794640625001 0.005022321875 0.9893973218750001 0.005022321875 0.9893973218750001 0.1389508921875 0.8353794640625001 0.1389508921875
2 0.41015625 0.11104910781249999 0.57421875 0.11104910781249999 0.57421875 0.192522321875 0.41015625 0.192522321875
1 0.184709821875 0.054129465625 0.27845982187499996 0.054129465625 0.27845982187499996 0.1702008921875 0.184709821875 0.1702008921875
1 0.1422991078125 0.182477678125 0.23716517812500001 0.182477678125 0.23716517812500001 0.2952008921875 0.1422991078125 0.2952008921875
1 0.0719866078125 0.33872767812500004 0.163504465625 0.33872767812500004 0.163504465625 0.463727678125 0.0719866078125 0.463727678125
3 0.012834821875 0.36774553593750003 0.0876116078125 0.36774553593750003 0.0876116078125 0.44698660781250005 0.012834821875 0.44698660781250005
3 0.008370534374999999 0.1858258921875 0.0954241078125 0.1858258921875 0.0954241078125 0.28515625 0.008370534374999999 0.28515625
3 0.070870534375 0.8956473218750001 0.180245534375 0.8956473218750001 0.180245534375 0.9972098218750001 0.070870534375 0.9972098218750001