3 0.2494419640625 0.36328125 0.33314732187499996 0.36328125 0.33314732187499996 0.48270089218749995 0.2494419640625 0.48270089218749995
3 0.434709821875 0.36662946406249997 0.5239955359375 0.36662946406249997 0.5239955359375 0.47823660781250005 0.434709821875 0.47823660781250005
3 0.2795758921875 0.127790178125 0.36662946406249997 0.127790178125 0.36662946406249997 0.2036830359375 0.2795758921875 0.2036830359375
1 0.47600446406249997 0.119977678125 0.5608258921875 0.119977678125 0.5608258921875 0.2025669640625 0.47600446406249997 0.2025669640625
3 0.6177455359375 0.5083705359375 0.7237723218750001 0.5083705359375 0.7237723218750001 0.6300223218750001 0.6177455359375 0.6300223218750001
3 0.30524553593750003 0.6333705359375 0.455915178125 0.6333705359375 0.455915178125 0.7606026781249999 0.30524553593750003 0.7606026781249999
3 0.135602678125 0.6501116078125 0.28627232187499996 0.6501116078125 0.28627232187499996 0.8208705359374999 0.135602678125 0.8208705359374999
3 0.8487723218750001 0.36328125 0.9447544640625001 0.36328125 0.9447544640625001 0.411272321875 0.8487723218750001 0.411272321875
3 0.8097098218750001 0.1735491078125 0.9146205359374999 0.1735491078125 0.9146205359374999 0.28180803593750003 0.8097098218750001 0.28180803593750003
3 0.66796875 0.8744419640625001 0.9118677265624999 0.8744419640625001 0.9118677265624999 0.998046875 0.66796875 0.998046875
3 0.2349330359375 0.00390625 0.38671875 0.00390625 0.38671875 0.10546875 0.2349330359375 0.10546875
3 0 0.5677600046875 0.057477678125 0.5677600046875 0.057477678125 0.6646205359375 0 0.6646205359375