0 0.5139508921875 0.3655133921875 0.6791294640625 0.3655133921875 0.6791294640625 0.5786830359375 0.5139508921875 0.5786830359375
2 0.1702008921875 0.119977678125 0.32421875 0.119977678125 0.32421875 0.22265625 0.1702008921875 0.22265625
2 0.0842633921875 0.2271205359375 0.27064732187499996 0.2271205359375 0.27064732187499996 0.35993303593750003 0.0842633921875 0.35993303593750003
2 0.11551339218750001 0.8521205359374999 0.30524553593750003 0.8521205359374999 0.30524553593750003 0.9972098218750001 0.11551339218750001 0.9972098218750001
2 0.0228794640625 0.7237723218750001 0.194754465625 0.7237723218750001 0.194754465625 0.97265625 0.0228794640625 0.97265625
2 0.43582589218749995 0.7159598218750001 0.5753348218750001 0.7159598218750001 0.5753348218750001 0.8889508921875 0.43582589218749995 0.8889508921875
2 0.5719866078125 0.8197544640625001 0.6746651781249999 0.8197544640625001 0.6746651781249999 0.9603794640625001 0.5719866078125 0.9603794640625001
2 0.7416294640625 0.8532366078125 0.8532366078125 0.8532366078125 0.8532366078125 0.95703125 0.7416294640625 0.95703125
2 0.9079241078125 0.8856026781249999 0.998046875 0.8856026781249999 0.998046875 0.98382636875 0.9079241078125 0.98382636875
3 0.3264508921875 0.45368303593750003 0.450334821875 0.45368303593750003 0.450334821875 0.5318080359375 0.3264508921875 0.5318080359375
3 0.3186383921875 0.3219866078125 0.45145089218749995 0.3219866078125 0.45145089218749995 0.44140625 0.3186383921875 0.44140625
3 0.479352678125 0.58984375 0.6043526781249999 0.58984375 0.6043526781249999 0.69140625 0.479352678125 0.69140625
2 0.6702008921875 0.8733258921875 0.7483258921875 0.8733258921875 0.7483258921875 0.9592633921875 0.6702008921875 0.9592633921875