0 0.32087053593750003 0.3655133921875 0.48604910781250005 0.3655133921875 0.48604910781250005 0.5786830359375 0.32087053593750003 0.5786830359375
2 0.67578125 0.119977678125 0.8297991078125 0.119977678125 0.8297991078125 0.22265625 0.67578125 0.22265625
2 0.7293526781249999 0.2271205359375 0.9157366078125 0.2271205359375 0.9157366078125 0.35993303593750003 0.7293526781249999 0.35993303593750003
2 0.6947544640625 0.8521205359374999 0.8844866078125 0.8521205359374999 0.8844866078125 0.9972098218750001 0.6947544640625 0.9972098218750001
2 0.8052455343749999 0.7237723218750001 0.9771205359374999 0.7237723218750001 0.9771205359374999 0.97265625 0.8052455343749999 0.97265625
2 0.424665178125 0.7159598218750001 0.5641741078125 0.7159598218750001 0.5641741078125 0.8889508921875 0.424665178125 0.8889508921875
2 0.32533482187499996 0.8197544640625001 0.42801339218749995 0.8197544640625001 0.42801339218749995 0.9603794640625001 0.32533482187499996 0.9603794640625001
2 0.1467633921875 0.8532366078125 0.25837053593750003 0.8532366078125 0.25837053593750003 0.95703125 0.1467633921875 0.95703125
2 0.001953125 0.8856026781249999 0.0920758921875 0.8856026781249999 0.0920758921875 0.98382636875 0.001953125 0.98382636875
3 0.5496651781249999 0.45368303593750003 0.6735491078125 0.45368303593750003 0.6735491078125 0.5318080359375 0.5496651781249999 0.5318080359375
3 0.5485491078125 0.3219866078125 0.6813616078125 0.3219866078125 0.6813616078125 0.44140625 0.5485491078125 0.44140625
3 0.39564732187499996 0.58984375 0.5206473218750001 0.58984375 0.5206473218750001 0.69140625 0.39564732187499996 0.69140625
2 0.2516741078125 0.8733258921875 0.3297991078125 0.8733258921875 0.3297991078125 0.9592633921875 0.2516741078125 0.9592633921875