0 0.5296745515625 0.4001856015625 0.786494303125 0.4001856015625 0.786494303125 0.6267912640625 0.5296745515625 0.6267912640625
2 0.8123920921875 0.38939485625 0.9030343578125001 0.38939485625 0.9030343578125001 0.4983813890625 0.8123920921875 0.4983813890625
2 0.2868827703125 0.8059176453125 0.5145675078124999 0.8059176453125 0.5145675078124999 0.9559090125 0.2868827703125 0.9559090125
3 0.2836455453125 0.2415616359375 0.3904739296875 0.2415616359375 0.3904739296875 0.3365202015625 0.2836455453125 0.3365202015625
3 0.4703254484375 0.118547134375 0.61060514375 0.118547134375 0.61060514375 0.250194234375 0.4703254484375 0.250194234375
3 0.5631258640625 0.0797004484375 0.6829031421875 0.0797004484375 0.6829031421875 0.199477728125 0.5631258640625 0.199477728125
3 0.6537681296875 0.0397746890625 0.767070959375 0.0397746890625 0.767070959375 0.1606310421875 0.6537681296875 0.1606310421875
3 0.7411731703125 0.0030861515625 0.866345821875 0.0030861515625 0.866345821875 0.11962620937499999 0.7411731703125 0.11962620937499999
3 0.412055421875 0.004165228125 0.5016186109375 0.004165228125 0.5016186109375 0.0743050765625 0.412055421875 0.0743050765625
3 0.26853850156250003 0.1271797296875 0.3224922296875 0.1271797296875 0.3224922296875 0.1746590125 0.26853850156250003 0.1746590125
0 0.9634625343750001 0.3537853953125 0.9969138484375 0.3537853953125 0.9969138484375 0.58147013125 0.9634625343750001 0.58147013125