0 0.21350569687499998 0.4001856015625 0.4703254484375 0.4001856015625 0.4703254484375 0.6267912640625 0.21350569687499998 0.6267912640625
2 0.0969656421875 0.38939485625 0.1876079078125 0.38939485625 0.1876079078125 0.4983813890625 0.0969656421875 0.4983813890625
2 0.48543249218750006 0.8059176453125 0.7131172296875 0.8059176453125 0.7131172296875 0.9559090125 0.48543249218750006 0.9559090125
3 0.6095260703125 0.2415616359375 0.7163544546875 0.2415616359375 0.7163544546875 0.3365202015625 0.6095260703125 0.3365202015625
3 0.38939485625 0.118547134375 0.5296745515625 0.118547134375 0.5296745515625 0.250194234375 0.38939485625 0.250194234375
3 0.3170968578125 0.0797004484375 0.4368741359375 0.0797004484375 0.4368741359375 0.199477728125 0.3170968578125 0.199477728125
3 0.23292904062500003 0.0397746890625 0.34623187031249997 0.0397746890625 0.34623187031249997 0.1606310421875 0.23292904062500003 0.1606310421875
3 0.133654178125 0.0030861515625 0.2588268296875 0.0030861515625 0.2588268296875 0.11962620937499999 0.133654178125 0.11962620937499999
3 0.4983813890625 0.004165228125 0.587944578125 0.004165228125 0.587944578125 0.0743050765625 0.4983813890625 0.0743050765625
3 0.6775077703125 0.1271797296875 0.7314614984375 0.1271797296875 0.7314614984375 0.1746590125 0.6775077703125 0.1746590125
0 0.0030861515625 0.3537853953125 0.036537465625 0.3537853953125 0.036537465625 0.58147013125 0.0030861515625 0.58147013125