1 0.21350569687499998 0.42716246562500004 0.345152796875 0.42716246562500004 0.345152796875 0.560967715625 0.21350569687499998 0.560967715625
2 0.40792410781250005 0.49609375 0.5708705359375 0.49609375 0.5708705359375 0.66796875 0.40792410781250005 0.66796875
3 0.7444103953125001 0.3678133640625 0.9303935234375 0.3678133640625 0.9303935234375 0.5683732484374999 0.7444103953125001 0.5683732484374999
3 0.424665178125 0.19921875 0.6088169640625 0.19921875 0.6088169640625 0.36997767812500004 0.424665178125 0.36997767812500004
3 0.2405133921875 0.065290178125 0.45703125 0.065290178125 0.45703125 0.25502232187499996 0.2405133921875 0.25502232187499996
3 0.149404478125 0 0.28515625 0 0.28515625 0.143415178125 0.149404478125 0.143415178125
1 0.61328125 0.30412946406249997 0.7248883921875 0.30412946406249997 0.7248883921875 0.41350446406249997 0.61328125 0.41350446406249997
3 0.0005580359375 0.416852678125 0.1344866078125 0.416852678125 0.1344866078125 0.5876116078125 0.0005580359375 0.5876116078125
3 0.8699776781249999 0.0005580359375 0.998046875 0.0005580359375 0.998046875 0.16521843125 0.8699776781249999 0.16521843125
3 0.6958705359375 0.002790178125 0.8376116078125 0.002790178125 0.8376116078125 0.10212053437499999 0.6958705359375 0.10212053437499999
3 0.8978794640625001 0.7483258921875 0.9704241078125 0.7483258921875 0.9704241078125 0.82421875 0.8978794640625001 0.82421875
3 0.5184151781249999 0.9324776781249999 0.59138735 0.9324776781249999 0.59138735 0.998046875 0.5184151781249999 0.998046875
3 0.8934151781249999 0.44363839218749995 0.9949776781249999 0.44363839218749995 0.9949776781249999 0.6333705359375 0.8934151781249999 0.6333705359375
3 0.0937284171875 0.294436290625 0.2404825625 0.294436290625 0.2404825625 0.426083390625 0.0937284171875 0.426083390625