0 0.41455078125 0.580309415625 0.518631784375 0.580309415625 0.518631784375 0.70494963125 0.41455078125 0.70494963125
1 0.9066868828124999 0.009960203125 0.998046875 0.009960203125 0.998046875 0.10323660781249999 0.9066868828124999 0.10323660781249999
2 0.641987046875 0.238512540625 0.748637953125 0.238512540625 0.748637953125 0.36829255625 0.641987046875 0.36829255625
2 0.0097913234375 0.1845446140625 0.139571340625 0.1845446140625 0.139571340625 0.2989052234375 0.0097913234375 0.2989052234375
3 0.665116159375 0.46594880625 0.78076171875 0.46594880625 0.78076171875 0.5751696140625 0.665116159375 0.5751696140625
2 0.8154553859375 0.7576326078125 0.9259611421875 0.7576326078125 0.9259611421875 0.8694233140625001 0.8154553859375 0.8694233140625001
3 0.34387849375 0.165270353125 0.45695415156249997 0.165270353125 0.45695415156249997 0.262926603125 0.34387849375 0.262926603125
3 0.334241365625 0.372789884375 0.46273643125 0.372789884375 0.46273643125 0.48715049375 0.334241365625 0.48715049375
3 0.140213815625 0.0348478609375 0.2260044640625 0.0348478609375 0.2260044640625 0.172433034375 0.140213815625 0.172433034375
3 0.787828946875 0.44474712031249997 0.908614309375 0.44474712031249997 0.908614309375 0.506424753125 0.787828946875 0.506424753125
3 0.5731026781249999 0.5597098218750001 0.6891741078125 0.5597098218750001 0.6891741078125 0.66015625 0.5731026781249999 0.66015625
3 0.53597861875 0.677323190625 0.6259251640625 0.677323190625 0.6259251640625 0.7775493421874999 0.53597861875 0.7775493421874999
1 0.1247944078125 0.3496607734375 0.2338169640625 0.3496607734375 0.2338169640625 0.46819196406249997 0.1247944078125 0.46819196406249997
1 0.26953125 0.41573660781250005 0.3532366078125 0.41573660781250005 0.3532366078125 0.49832589218749995 0.26953125 0.49832589218749995
1 0.6389508921875 0.5262276781249999 0.72265625 0.5262276781249999 0.72265625 0.6110491078125 0.6389508921875 0.6110491078125
2 0.55859375 0.9034598218750001 0.7092633921875 0.9034598218750001 0.7092633921875 0.9972098218750001 0.55859375 0.9972098218750001
2 0.67578125 0.86328125 0.7918526781249999 0.86328125 0.7918526781249999 0.9916294640625001 0.67578125 0.9916294640625001
3 0.608252796875 0 0.7081473218750001 0 0.7081473218750001 0.10100446562500001 0.608252796875 0.10100446562500001
3 0.7405133921875 0.002790178125 0.8420758921875 0.002790178125 0.8420758921875 0.085379465625 0.7405133921875 0.085379465625
3 0.8409598218750001 0.002790178125 0.9168526781249999 0.002790178125 0.9168526781249999 0.056361607812500006 0.8409598218750001 0.056361607812500006