0 0.481368215625 0.580309415625 0.58544921875 0.580309415625 0.58544921875 0.70494963125 0.481368215625 0.70494963125
1 0.001953125 0.009960203125 0.0933131171875 0.009960203125 0.0933131171875 0.10323660781249999 0.001953125 0.10323660781249999
2 0.251362046875 0.238512540625 0.358012953125 0.238512540625 0.358012953125 0.36829255625 0.251362046875 0.36829255625
2 0.860428659375 0.1845446140625 0.9902086765625 0.1845446140625 0.9902086765625 0.2989052234375 0.860428659375 0.2989052234375
3 0.21923828125 0.46594880625 0.334883840625 0.46594880625 0.334883840625 0.5751696140625 0.21923828125 0.5751696140625
2 0.0740388578125 0.7576326078125 0.1845446140625 0.7576326078125 0.1845446140625 0.8694233140625001 0.0740388578125 0.8694233140625001
3 0.5430458484375 0.165270353125 0.65612150625 0.165270353125 0.65612150625 0.262926603125 0.5430458484375 0.262926603125
3 0.53726356875 0.372789884375 0.665758634375 0.372789884375 0.665758634375 0.48715049375 0.53726356875 0.48715049375
3 0.7739955359375 0.0348478609375 0.859786184375 0.0348478609375 0.859786184375 0.172433034375 0.7739955359375 0.172433034375
3 0.091385690625 0.44474712031249997 0.212171053125 0.44474712031249997 0.212171053125 0.506424753125 0.091385690625 0.506424753125
3 0.3108258921875 0.5597098218750001 0.426897321875 0.5597098218750001 0.426897321875 0.66015625 0.3108258921875 0.66015625
3 0.3740748359375 0.677323190625 0.46402138125 0.677323190625 0.46402138125 0.7775493421874999 0.3740748359375 0.7775493421874999
1 0.7661830359375 0.3496607734375 0.8752055921874999 0.3496607734375 0.8752055921874999 0.46819196406249997 0.7661830359375 0.46819196406249997
1 0.6467633921875 0.41573660781250005 0.73046875 0.41573660781250005 0.73046875 0.49832589218749995 0.6467633921875 0.49832589218749995
1 0.27734375 0.5262276781249999 0.3610491078125 0.5262276781249999 0.3610491078125 0.6110491078125 0.27734375 0.6110491078125
2 0.2907366078125 0.9034598218750001 0.44140625 0.9034598218750001 0.44140625 0.9972098218750001 0.2907366078125 0.9972098218750001
2 0.20814732187499999 0.86328125 0.32421875 0.86328125 0.32421875 0.9916294640625001 0.20814732187499999 0.9916294640625001
3 0.29185267812500004 0 0.391747203125 0 0.391747203125 0.10100446562500001 0.29185267812500004 0.10100446562500001
3 0.1579241078125 0.002790178125 0.2594866078125 0.002790178125 0.2594866078125 0.085379465625 0.1579241078125 0.085379465625
3 0.083147321875 0.002790178125 0.159040178125 0.002790178125 0.159040178125 0.056361607812500006 0.083147321875 0.056361607812500006