3 0.27063630625 0.39013671875 0.40041632343750005 0.39013671875 0.40041632343750005 0.5134919828125 0.27063630625 0.5134919828125
3 0.0033665703125 0.40812602656249997 0.14856599374999999 0.40812602656249997 0.14856599374999999 0.4967876234375 0.0033665703125 0.4967876234375
3 0.274491159375 0.7203690375 0.359297903125 0.7203690375 0.359297903125 0.8026058812500001 0.274491159375 0.8026058812500001
3 0.49293277187499995 0.70494963125 0.6085783296875 0.70494963125 0.6085783296875 0.8334446953124999 0.49293277187499995 0.8334446953124999
3 0.44924444843750005 0.580309415625 0.566174959375 0.580309415625 0.566174959375 0.7088044828125 0.44924444843750005 0.7088044828125
3 0.3400236421875 0.04833984375 0.4351099921875 0.04833984375 0.4351099921875 0.151135896875 0.3400236421875 0.151135896875
3 0.3078998765625 0.153705796875 0.3991313734375 0.153705796875 0.3991313734375 0.23594264062499998 0.3078998765625 0.23594264062499998
3 0.5693873359375 0.8379420234375001 0.6798930921874999 0.8379420234375001 0.6798930921874999 0.9188939140624999 0.5693873359375 0.9188939140624999
3 0.3740748359375 0.5102796046875 0.493575246875 0.5102796046875 0.493575246875 0.627210115625 0.3740748359375 0.627210115625
3 0.11579975312499999 0.019428453125 0.20446135000000001 0.019428453125 0.20446135000000001 0.1003803453125 0.11579975312499999 0.1003803453125
3 0.018143503124999998 0.5012849515625 0.11322985156250001 0.5012849515625 0.11322985156250001 0.58480674375 0.018143503124999998 0.58480674375
3 0.1337890625 0.6606188328125 0.2571443265625 0.6606188328125 0.2571443265625 0.7724095390625 0.1337890625 0.7724095390625
1 0.8253348218750001 0.91796875 0.9402901781249999 0.91796875 0.9402901781249999 0.98828125 0.8253348218750001 0.98828125
3 0.012834821875 0.30859375 0.104352678125 0.30859375 0.104352678125 0.3844866078125 0.012834821875 0.3844866078125
3 0.002790178125 0.1813616078125 0.096540178125 0.1813616078125 0.096540178125 0.28180803593750003 0.002790178125 0.28180803593750003
3 0.0373883921875 0.11551339218750001 0.159040178125 0.11551339218750001 0.159040178125 0.2036830359375 0.0373883921875 0.2036830359375
1 0.6021205359375 0.2092633921875 0.6925223218750001 0.2092633921875 0.6925223218750001 0.30524553593750003 0.6021205359375 0.30524553593750003
3 0.6646205359375 0.104352678125 0.74609375 0.104352678125 0.74609375 0.20033482187499999 0.6646205359375 0.20033482187499999
3 0.30738518593749997 0.7951268984375 0.43903228437499997 0.7951268984375 0.43903228437499997 0.9192204765625 0.30738518593749997 0.9192204765625
3 0.3667342890625 0.8846900906249999 0.505934909375 0.8846900906249999 0.505934909375 0.9936766234375 0.3667342890625 0.9936766234375
3 0.06243525625 0.5749956828125 0.1919242046875 0.5749956828125 0.1919242046875 0.6990892609375 0.06243525625 0.6990892609375