3 0.5995836765625 0.39013671875 0.72936369375 0.39013671875 0.72936369375 0.5134919828125 0.5995836765625 0.5134919828125
3 0.8514340062500001 0.40812602656249997 0.9966334296875001 0.40812602656249997 0.9966334296875001 0.4967876234375 0.8514340062500001 0.4967876234375
3 0.640702096875 0.7203690375 0.725508840625 0.7203690375 0.725508840625 0.8026058812500001 0.640702096875 0.8026058812500001
3 0.3914216703125 0.70494963125 0.507067228125 0.70494963125 0.507067228125 0.8334446953124999 0.3914216703125 0.8334446953124999
3 0.43382504062500005 0.580309415625 0.5507555515625 0.580309415625 0.5507555515625 0.7088044828125 0.43382504062500005 0.7088044828125
3 0.5648900078125 0.04833984375 0.6599763578125 0.04833984375 0.6599763578125 0.151135896875 0.5648900078125 0.151135896875
3 0.6008686265625001 0.153705796875 0.6921001234374999 0.153705796875 0.6921001234374999 0.23594264062499998 0.6008686265625001 0.23594264062499998
3 0.3201069078125 0.8379420234375001 0.4306126640625 0.8379420234375001 0.4306126640625 0.9188939140624999 0.3201069078125 0.9188939140624999
3 0.506424753125 0.5102796046875 0.6259251640625 0.5102796046875 0.6259251640625 0.627210115625 0.506424753125 0.627210115625
3 0.79553865 0.019428453125 0.884200246875 0.019428453125 0.884200246875 0.1003803453125 0.79553865 0.1003803453125
3 0.8867701484375001 0.5012849515625 0.981856496875 0.5012849515625 0.981856496875 0.58480674375 0.8867701484375001 0.58480674375
3 0.7428556734375 0.6606188328125 0.8662109375 0.6606188328125 0.8662109375 0.7724095390625 0.7428556734375 0.7724095390625
1 0.059709821875 0.91796875 0.174665178125 0.91796875 0.174665178125 0.98828125 0.059709821875 0.98828125
3 0.8956473218750001 0.30859375 0.9871651781249999 0.30859375 0.9871651781249999 0.3844866078125 0.8956473218750001 0.3844866078125
3 0.9034598218750001 0.1813616078125 0.9972098218750001 0.1813616078125 0.9972098218750001 0.28180803593750003 0.9034598218750001 0.28180803593750003
3 0.8409598218750001 0.11551339218750001 0.9626116078125 0.11551339218750001 0.9626116078125 0.2036830359375 0.8409598218750001 0.2036830359375
1 0.30747767812500004 0.2092633921875 0.39787946406249997 0.2092633921875 0.39787946406249997 0.30524553593750003 0.30747767812500004 0.30524553593750003
3 0.25390625 0.104352678125 0.33537946406249997 0.104352678125 0.33537946406249997 0.20033482187499999 0.25390625 0.20033482187499999
3 0.560967715625 0.7951268984375 0.6926148140625 0.7951268984375 0.6926148140625 0.9192204765625 0.560967715625 0.9192204765625
3 0.49406509062500004 0.8846900906249999 0.6332657109375 0.8846900906249999 0.6332657109375 0.9936766234375 0.49406509062500004 0.9936766234375
3 0.8080757953125 0.5749956828125 0.93756474375 0.5749956828125 0.93756474375 0.6990892609375 0.8080757953125 0.6990892609375