1 0.889982525 0.3207493828125 0.9979183812500001 0.3207493828125 0.9979183812500001 0.400416325 0.889982525 0.400416325
1 0.6381321953125 0.3721474109375 0.774336965625 0.3721474109375 0.774336965625 0.46337890625 0.6381321953125 0.46337890625
1 0.3451634453125 0.8308747953125 0.4736585125 0.8308747953125 0.4736585125 0.9799290703124999 0.3451634453125 0.9799290703124999
3 0.6252826890625001 0.75634765625 0.7062345796875 0.75634765625 0.7062345796875 0.910541734375 0.6252826890625001 0.910541734375
3 0.73450349375 0.8000359781249999 0.8642835109375 0.8000359781249999 0.8642835109375 0.9426655015625001 0.73450349375 0.9426655015625001
3 0.896407278125 0.8822728203124999 0.9966334296875001 0.8822728203124999 0.9966334296875001 0.9850688734374999 0.896407278125 0.9850688734374999
1 0.9235491078125 0.42243303593750003 0.998046875 0.42243303593750003 0.998046875 0.5088072593749999 0.9235491078125 0.5088072593749999
3 0.8208705359374999 0.6690848218750001 0.8989955359374999 0.6690848218750001 0.8989955359374999 0.7751116078125 0.8208705359374999 0.7751116078125
3 0.5619419640625 0.5797991078125 0.6690848218750001 0.5797991078125 0.6690848218750001 0.6690848218750001 0.5619419640625 0.6690848218750001
3 0.463727678125 0.9235491078125 0.52734375 0.9235491078125 0.52734375 0.9838169640625001 0.463727678125 0.9838169640625001
3 0.7103794640625 0.494977678125 0.8018973218750001 0.494977678125 0.8018973218750001 0.5641741078125 0.7103794640625 0.5641741078125