3 0.9012276781249999 0.0306919640625 0.998046875 0.0306919640625 0.998046875 0.129711596875 0.9012276781249999 0.129711596875
3 0.74609375 0.42801339218749995 0.8688616078125 0.42801339218749995 0.8688616078125 0.5050223218750001 0.74609375 0.5050223218750001
1 0.43694196406249997 0.455915178125 0.5083705359375 0.455915178125 0.5083705359375 0.5329241078125 0.43694196406249997 0.5329241078125
3 0.42131696406249997 0.5842633921875 0.497209821875 0.5842633921875 0.497209821875 0.6623883921875 0.42131696406249997 0.6623883921875
1 0.2181919640625 0.7438616078125 0.31305803593750003 0.7438616078125 0.31305803593750003 0.8454241078125 0.2181919640625 0.8454241078125
3 0.130022321875 0.6702008921875 0.22377232187499999 0.6702008921875 0.22377232187499999 0.7818080359375 0.130022321875 0.7818080359375
3 0.8353794640625001 0.6780133921875 0.9693080359374999 0.6780133921875 0.9693080359374999 0.7985491078125 0.8353794640625001 0.7985491078125
3 0.6456473218750001 0.5719866078125 0.7728794640625 0.5719866078125 0.7728794640625 0.6791294640625 0.6456473218750001 0.6791294640625
3 0.5563616078125 0.5485491078125 0.6579241078125 0.5485491078125 0.6579241078125 0.6422991078125 0.5563616078125 0.6422991078125
3 0.39564732187499996 0.8487723218750001 0.5184151781249999 0.8487723218750001 0.5184151781249999 0.9793526781249999 0.39564732187499996 0.9793526781249999
3 0.6077008921875 0.7204241078125 0.6925223218750001 0.7204241078125 0.6925223218750001 0.7985491078125 0.6077008921875 0.7985491078125