3 0.001953125 0.0306919640625 0.098772321875 0.0306919640625 0.098772321875 0.129711596875 0.001953125 0.129711596875
3 0.1311383921875 0.42801339218749995 0.25390625 0.42801339218749995 0.25390625 0.5050223218750001 0.1311383921875 0.5050223218750001
1 0.49162946406249997 0.455915178125 0.5630580359375 0.455915178125 0.5630580359375 0.5329241078125 0.49162946406249997 0.5329241078125
3 0.5027901781249999 0.5842633921875 0.5786830359375 0.5842633921875 0.5786830359375 0.6623883921875 0.5027901781249999 0.6623883921875
1 0.6869419640625 0.7438616078125 0.7818080359375 0.7438616078125 0.7818080359375 0.8454241078125 0.6869419640625 0.8454241078125
3 0.7762276781249999 0.6702008921875 0.8699776781249999 0.6702008921875 0.8699776781249999 0.7818080359375 0.7762276781249999 0.7818080359375
3 0.0306919640625 0.6780133921875 0.16462053593749998 0.6780133921875 0.16462053593749998 0.7985491078125 0.0306919640625 0.7985491078125
3 0.2271205359375 0.5719866078125 0.35435267812500004 0.5719866078125 0.35435267812500004 0.6791294640625 0.2271205359375 0.6791294640625
3 0.3420758921875 0.5485491078125 0.44363839218749995 0.5485491078125 0.44363839218749995 0.6422991078125 0.3420758921875 0.6422991078125
3 0.481584821875 0.8487723218750001 0.6043526781249999 0.8487723218750001 0.6043526781249999 0.9793526781249999 0.481584821875 0.9793526781249999
3 0.30747767812500004 0.7204241078125 0.3922991078125 0.7204241078125 0.3922991078125 0.7985491078125 0.30747767812500004 0.7985491078125