0 0.5541294640625 0.21372767812500001 0.6411830359375 0.21372767812500001 0.6411830359375 0.3297991078125 0.5541294640625 0.3297991078125
2 0.40234375 0.176897321875 0.5563616078125 0.176897321875 0.5563616078125 0.28850446406249997 0.40234375 0.28850446406249997
1 0.090959821875 0.47042410781250005 0.2047991078125 0.47042410781250005 0.2047991078125 0.5719866078125 0.090959821875 0.5719866078125
3 0.6233258921875 0.5496651781249999 0.7550223218750001 0.5496651781249999 0.7550223218750001 0.6813616078125 0.6233258921875 0.6813616078125
3 0.47823660781250005 0.55859375 0.5831473218750001 0.55859375 0.5831473218750001 0.6802455359375 0.47823660781250005 0.6802455359375
3 0.5931919640625 0.7483258921875 0.6590401781249999 0.7483258921875 0.6590401781249999 0.8364955359374999 0.5931919640625 0.8364955359374999
3 0.6646205359375 0.7795758921875 0.75390625 0.7795758921875 0.75390625 0.8889508921875 0.6646205359375 0.8889508921875
1 0.7963169640625 0.8130580359374999 0.8643973218750001 0.8130580359374999 0.8643973218750001 0.9034598218750001 0.7963169640625 0.9034598218750001
1 0.5719866078125 0.8911830359374999 0.7126116078125 0.8911830359374999 0.7126116078125 0.9838169640625001 0.5719866078125 0.9838169640625001
2 0.73046875 0.32756696406249997 0.8465401781249999 0.32756696406249997 0.8465401781249999 0.46707589218749995 0.73046875 0.46707589218749995
2 0.8532366078125 0.38671875 0.9369419640625001 0.38671875 0.9369419640625001 0.5083705359375 0.8532366078125 0.5083705359375
2 0.88671875 0.2047991078125 0.9927455359374999 0.2047991078125 0.9927455359374999 0.3108258921875 0.88671875 0.3108258921875
2 0.7315848218750001 0.12332589218750001 0.83984375 0.12332589218750001 0.83984375 0.2248883921875 0.7315848218750001 0.2248883921875
2 0.8422831640625 0 0.9536830359374999 0 0.9536830359374999 0.0764508921875 0.8422831640625 0.0764508921875