2 0.1455239984375 0.098772321875 0.29631696406249997 0.098772321875 0.29631696406249997 0.22537551718749999 0.1455239984375 0.22537551718749999
2 0.2181919640625 0 0.40240716406250004 0 0.40240716406250004 0.09765625 0.2181919640625 0.09765625
2 0.002790178125 0.0005580359375 0.1501116078125 0.0005580359375 0.1501116078125 0.21484375 0.002790178125 0.21484375
0 0.001953125 0.30970982187499996 0.130022321875 0.30970982187499996 0.130022321875 0.472806490625 0.001953125 0.472806490625
0 0.6467633921875 0.32421875 0.7996651781249999 0.32421875 0.7996651781249999 0.42354910781250005 0.6467633921875 0.42354910781250005
3 0.8353794656250001 0.10323660781249999 0.9146205343749999 0.10323660781249999 0.9146205343749999 0.1969866078125 0.8353794656250001 0.1969866078125
3 0.72265625 0.1422991078125 0.8487723218750001 0.1422991078125 0.8487723218750001 0.24720982187499999 0.72265625 0.24720982187499999
3 0.6824776781249999 0.22377232187499999 0.7885044640625 0.22377232187499999 0.7885044640625 0.3141741078125 0.6824776781249999 0.3141741078125
3 0.85546875 0.52734375 0.9536830343749999 0.52734375 0.9536830343749999 0.6702008921875 0.85546875 0.6702008921875
3 0.9503348218750001 0.519234421875 1 0.519234421875 1 0.61328125 0.9503348218750001 0.61328125
3 0.7650669640625 0.51171875 0.8465401781249999 0.51171875 0.8465401781249999 0.6233258921875 0.7650669640625 0.6233258921875
3 0.68359375 0.5440848218750001 0.7829241078125 0.5440848218750001 0.7829241078125 0.6925223218750001 0.68359375 0.6925223218750001
3 0.8800223218750001 0.71484375 0.9715401781249999 0.71484375 0.9715401781249999 0.7985491078125 0.8800223218750001 0.7985491078125
3 0.7974330359375 0.7159598218750001 0.8766741078125 0.7159598218750001 0.8766741078125 0.8342633921875 0.7974330359375 0.8342633921875
3 0.7282366078125 0.74609375 0.7996651781249999 0.74609375 0.7996651781249999 0.8487723218750001 0.7282366078125 0.8487723218750001
3 0.6378348218750001 0.8119419640625001 0.7338169640625 0.8119419640625001 0.7338169640625 0.9123883921875 0.6378348218750001 0.9123883921875
3 0.58203125 0.8777901781249999 0.6668526781249999 0.8777901781249999 0.6668526781249999 0.9860491078125 0.58203125 0.9860491078125
3 0.489397321875 0.8833705359374999 0.60546875 0.8833705359374999 0.60546875 0.9938616078125 0.489397321875 0.9938616078125