2 0.7036830359375 0.098772321875 0.8544760015625 0.098772321875 0.8544760015625 0.22537551718749999 0.7036830359375 0.22537551718749999
2 0.5975928359375 0 0.7818080359375 0 0.7818080359375 0.09765625 0.5975928359375 0.09765625
2 0.8498883921875 0.0005580359375 0.9972098218750001 0.0005580359375 0.9972098218750001 0.21484375 0.8498883921875 0.21484375
0 0.8699776781249999 0.30970982187499996 0.998046875 0.30970982187499996 0.998046875 0.472806490625 0.8699776781249999 0.472806490625
0 0.20033482187499999 0.32421875 0.3532366078125 0.32421875 0.3532366078125 0.42354910781250005 0.20033482187499999 0.42354910781250005
3 0.085379465625 0.10323660781249999 0.164620534375 0.10323660781249999 0.164620534375 0.1969866078125 0.085379465625 0.1969866078125
3 0.151227678125 0.1422991078125 0.27734375 0.1422991078125 0.27734375 0.24720982187499999 0.151227678125 0.24720982187499999
3 0.2114955359375 0.22377232187499999 0.31752232187499996 0.22377232187499999 0.31752232187499996 0.3141741078125 0.2114955359375 0.3141741078125
3 0.046316965625 0.52734375 0.14453125 0.52734375 0.14453125 0.6702008921875 0.046316965625 0.6702008921875
3 0 0.519234421875 0.049665178125 0.519234421875 0.049665178125 0.61328125 0 0.61328125
3 0.153459821875 0.51171875 0.2349330359375 0.51171875 0.2349330359375 0.6233258921875 0.153459821875 0.6233258921875
3 0.2170758921875 0.5440848218750001 0.31640625 0.5440848218750001 0.31640625 0.6925223218750001 0.2170758921875 0.6925223218750001
3 0.028459821875000003 0.71484375 0.119977678125 0.71484375 0.119977678125 0.7985491078125 0.028459821875000003 0.7985491078125
3 0.12332589218750001 0.7159598218750001 0.2025669640625 0.7159598218750001 0.2025669640625 0.8342633921875 0.12332589218750001 0.8342633921875
3 0.20033482187499999 0.74609375 0.2717633921875 0.74609375 0.2717633921875 0.8487723218750001 0.20033482187499999 0.8487723218750001
3 0.26618303593750003 0.8119419640625001 0.36216517812500004 0.8119419640625001 0.36216517812500004 0.9123883921875 0.26618303593750003 0.9123883921875
3 0.33314732187499996 0.8777901781249999 0.41796875 0.8777901781249999 0.41796875 0.9860491078125 0.33314732187499996 0.9860491078125
3 0.39453125 0.8833705359374999 0.5106026781249999 0.8833705359374999 0.5106026781249999 0.9938616078125 0.39453125 0.9938616078125