1 0.8398694484375 0.2963353203125 0.945235403125 0.2963353203125 0.945235403125 0.3695775078125 0.8398694484375 0.3695775078125
3 0.694670025 0.1716951078125 0.774336965625 0.1716951078125 0.774336965625 0.237227590625 0.694670025 0.237227590625
3 0.2038188734375 0.8642835109375 0.305329975 0.8642835109375 0.305329975 0.969649465625 0.2038188734375 0.969649465625
3 0.46209395468750003 0.6381321953125 0.5674599109375 0.6381321953125 0.5674599109375 0.737073396875 0.46209395468750003 0.737073396875
3 0.322034334375 0.43254008906249997 0.4106959296875 0.43254008906249997 0.4106959296875 0.500642475 0.322034334375 0.500642475
1 0.322034334375 0.3104697765625 0.4055561265625 0.3104697765625 0.4055561265625 0.39270661875 0.322034334375 0.39270661875
3 0.3156095796875 0.224378084375 0.4428196953125 0.224378084375 0.4428196953125 0.3014751234375 0.3156095796875 0.3014751234375
3 0.517346834375 0.45695415156249997 0.6278525890625 0.45695415156249997 0.6278525890625 0.5700298109374999 0.517346834375 0.5700298109374999
3 0.53405119375 0.3592979015625 0.626567640625 0.3592979015625 0.626567640625 0.46209395468750003 0.53405119375 0.46209395468750003
3 0.24108244375000001 0.518631784375 0.3503032484375 0.518631784375 0.3503032484375 0.626567640625 0.24108244375000001 0.626567640625
3 0.6644736828125 0.7891138984375 0.773694490625 0.7891138984375 0.773694490625 0.9587273843749999 0.6644736828125 0.9587273843749999
3 0.4113384046875 0.79039885 0.5231291109375 0.79039885 0.5231291109375 0.8713507406250001 0.4113384046875 0.8713507406250001
3 0.65804893125 0.054122121875 0.7685546875 0.054122121875 0.7685546875 0.1440686671875 0.65804893125 0.1440686671875
3 0.23915501562500002 0.1427837171875 0.347090871875 0.1427837171875 0.347090871875 0.2160259046875 0.23915501562500002 0.2160259046875
3 0.3059724515625 0.051552220312499994 0.4293277125 0.051552220312499994 0.4293277125 0.1196546046875 0.3059724515625 0.1196546046875
3 0.3980274515625 0.8944017609375001 0.490827865625 0.8944017609375001 0.490827865625 0.9634625343750001 0.3980274515625 0.9634625343750001
1 0.5642049375 0 0.6881136953125 0 0.6881136953125 0.101281940625 0.5642049375 0.101281940625
1 0.2534314578125 0.6267912640625 0.33867835 0.6267912640625 0.33867835 0.7163544546875 0.2534314578125 0.7163544546875
3 0.2890409171875 0.004165228125 0.392632078125 0.004165228125 0.392632078125 0.038695615625 0.2890409171875 0.038695615625
3 0.9332484453125 0.8388735781250001 1 0.8388735781250001 1 0.9354065953124999 0.9332484453125 0.9354065953124999