1 0.054764596875 0.2963353203125 0.1601305515625 0.2963353203125 0.1601305515625 0.3695775078125 0.054764596875 0.3695775078125
3 0.225663034375 0.1716951078125 0.305329975 0.1716951078125 0.305329975 0.237227590625 0.225663034375 0.237227590625
3 0.694670025 0.8642835109375 0.7961811265625001 0.8642835109375 0.7961811265625001 0.969649465625 0.694670025 0.969649465625
3 0.43254008906249997 0.6381321953125 0.5379060453125 0.6381321953125 0.5379060453125 0.737073396875 0.43254008906249997 0.737073396875
3 0.5893040703125 0.43254008906249997 0.677965665625 0.43254008906249997 0.677965665625 0.500642475 0.5893040703125 0.500642475
1 0.5944438734374999 0.3104697765625 0.677965665625 0.3104697765625 0.677965665625 0.39270661875 0.5944438734374999 0.39270661875
3 0.5571803046875 0.224378084375 0.6843904203125 0.224378084375 0.6843904203125 0.3014751234375 0.5571803046875 0.3014751234375
3 0.3721474109375 0.45695415156249997 0.48265316562500005 0.45695415156249997 0.48265316562500005 0.5700298109374999 0.3721474109375 0.5700298109374999
3 0.373432359375 0.3592979015625 0.46594880625 0.3592979015625 0.46594880625 0.46209395468750003 0.373432359375 0.46209395468750003
3 0.6496967515625001 0.518631784375 0.75891755625 0.518631784375 0.75891755625 0.626567640625 0.6496967515625001 0.626567640625
3 0.226305509375 0.7891138984375 0.3355263171875 0.7891138984375 0.3355263171875 0.9587273843749999 0.226305509375 0.9587273843749999
3 0.47687088906249997 0.79039885 0.5886615953125001 0.79039885 0.5886615953125001 0.8713507406250001 0.47687088906249997 0.8713507406250001
3 0.2314453125 0.054122121875 0.34195106875 0.054122121875 0.34195106875 0.1440686671875 0.2314453125 0.1440686671875
3 0.652909128125 0.1427837171875 0.760844984375 0.1427837171875 0.760844984375 0.2160259046875 0.652909128125 0.2160259046875
3 0.5706722875 0.051552220312499994 0.6940275484375 0.051552220312499994 0.6940275484375 0.1196546046875 0.5706722875 0.1196546046875
3 0.509172134375 0.8944017609375001 0.6019725484375 0.8944017609375001 0.6019725484375 0.9634625343750001 0.509172134375 0.9634625343750001
1 0.3118863046875 0 0.4357950625 0 0.4357950625 0.101281940625 0.3118863046875 0.101281940625
1 0.66132165 0.6267912640625 0.7465685421875 0.6267912640625 0.7465685421875 0.7163544546875 0.66132165 0.7163544546875
3 0.607367921875 0.004165228125 0.7109590828125001 0.004165228125 0.7109590828125001 0.038695615625 0.607367921875 0.038695615625
3 0 0.8388735781250001 0.0667515546875 0.8388735781250001 0.0667515546875 0.9354065953124999 0 0.9354065953124999