3 0.6021205359375 0.7416294640625 0.66796875 0.7416294640625 0.66796875 0.8443080359374999 0.6021205359375 0.8443080359374999
3 0.6356026781249999 0.5920758921875 0.7594866078125 0.5920758921875 0.7594866078125 0.7472098218750001 0.6356026781249999 0.7472098218750001
3 0.47712053593750003 0.58203125 0.5764508921875 0.58203125 0.5764508921875 0.7483258921875 0.47712053593750003 0.7483258921875
3 0.35212053593750003 0.5608258921875 0.465959821875 0.5608258921875 0.465959821875 0.7338169640625 0.35212053593750003 0.7338169640625
3 0.6121651781249999 0.3733258921875 0.7271205359375 0.3733258921875 0.7271205359375 0.473772321875 0.6121651781249999 0.473772321875
3 0.49386160781250005 0.36997767812500004 0.6077008921875 0.36997767812500004 0.6077008921875 0.49162946406249997 0.49386160781250005 0.49162946406249997
3 0.42020089218749995 0.3420758921875 0.5184151781249999 0.3420758921875 0.5184151781249999 0.46261160781250005 0.42020089218749995 0.46261160781250005
3 0.3420758921875 0.3376116078125 0.44140625 0.3376116078125 0.44140625 0.44587053593750003 0.3420758921875 0.44587053593750003
3 0.2594866078125 0.32533482187499996 0.37220982187499996 0.32533482187499996 0.37220982187499996 0.44587053593750003 0.2594866078125 0.44587053593750003
1 0.04296875 0.2092633921875 0.137834821875 0.2092633921875 0.137834821875 0.3141741078125 0.04296875 0.3141741078125
2 0.11662946406250001 0.33984375 0.2349330359375 0.33984375 0.2349330359375 0.497209821875 0.11662946406250001 0.497209821875
2 0.8956473218750001 0.292242140625 1 0.292242140625 1 0.473772321875 0.8956473218750001 0.473772321875
3 0.9112723218750001 0.756431021875 1 0.756431021875 1 0.8722098218750001 0.9112723218750001 0.8722098218750001
1 0.7963169640625 0.7494419640625 0.8900669656250001 0.7494419640625 0.8900669656250001 0.8599330359374999 0.7963169640625 0.8599330359374999
2 0.1702008921875 0.0016741078125 0.33537946406249997 0.0016741078125 0.33537946406249997 0.10323660781249999 0.1702008921875 0.10323660781249999
2 0.33091517812500004 0 0.4574636015625 0 0.4574636015625 0.12109375 0.33091517812500004 0.12109375
3 0.7170758921875 0.018415178125 0.82421875 0.018415178125 0.82421875 0.10546875 0.7170758921875 0.10546875