3 0.33203125 0.7416294640625 0.39787946406249997 0.7416294640625 0.39787946406249997 0.8443080359374999 0.33203125 0.8443080359374999
3 0.2405133921875 0.5920758921875 0.36439732187499996 0.5920758921875 0.36439732187499996 0.7472098218750001 0.2405133921875 0.7472098218750001
3 0.42354910781250005 0.58203125 0.5228794640625 0.58203125 0.5228794640625 0.7483258921875 0.42354910781250005 0.7483258921875
3 0.5340401781249999 0.5608258921875 0.6478794640625 0.5608258921875 0.6478794640625 0.7338169640625 0.5340401781249999 0.7338169640625
3 0.27287946406249997 0.3733258921875 0.38783482187499996 0.3733258921875 0.38783482187499996 0.473772321875 0.27287946406249997 0.473772321875
3 0.3922991078125 0.36997767812500004 0.5061383921875 0.36997767812500004 0.5061383921875 0.49162946406249997 0.3922991078125 0.49162946406249997
3 0.481584821875 0.3420758921875 0.5797991078125 0.3420758921875 0.5797991078125 0.46261160781250005 0.481584821875 0.46261160781250005
3 0.55859375 0.3376116078125 0.6579241078125 0.3376116078125 0.6579241078125 0.44587053593750003 0.55859375 0.44587053593750003
3 0.6277901781249999 0.32533482187499996 0.7405133921875 0.32533482187499996 0.7405133921875 0.44587053593750003 0.6277901781249999 0.44587053593750003
1 0.8621651781249999 0.2092633921875 0.95703125 0.2092633921875 0.95703125 0.3141741078125 0.8621651781249999 0.3141741078125
2 0.7650669640625 0.33984375 0.8833705359374999 0.33984375 0.8833705359374999 0.497209821875 0.7650669640625 0.497209821875
2 0 0.292242140625 0.104352678125 0.292242140625 0.104352678125 0.473772321875 0 0.473772321875
3 0 0.756431021875 0.088727678125 0.756431021875 0.088727678125 0.8722098218750001 0 0.8722098218750001
1 0.10993303437499999 0.7494419640625 0.2036830359375 0.7494419640625 0.2036830359375 0.8599330359374999 0.10993303437499999 0.8599330359374999
2 0.6646205359375 0.0016741078125 0.8297991078125 0.0016741078125 0.8297991078125 0.10323660781249999 0.6646205359375 0.10323660781249999
2 0.5425363984375 0 0.6690848218750001 0 0.6690848218750001 0.12109375 0.5425363984375 0.12109375
3 0.17578125 0.018415178125 0.2829241078125 0.018415178125 0.2829241078125 0.10546875 0.17578125 0.10546875