3 0.59765625 0.7405133921875 0.7315848218750001 0.7405133921875 0.7315848218750001 0.8666294640625001 0.59765625 0.8666294640625001
2 0.7996651781249999 0.8577008921875 0.9603794656250001 0.8577008921875 0.9603794656250001 0.9927455359374999 0.7996651781249999 0.9927455359374999
2 0.6311383921875 0.47265625 0.75390625 0.47265625 0.75390625 0.58984375 0.6311383921875 0.58984375
3 0.7092633921875 0.22154017812500001 0.7963169640625 0.22154017812500001 0.7963169640625 0.35546875 0.7092633921875 0.35546875
2 0.7349330359375 0.135602678125 0.8599330343749999 0.135602678125 0.8599330343749999 0.21372767812500001 0.7349330359375 0.21372767812500001
2 0.7885044640625 0.038504465625 0.9135044656250001 0.038504465625 0.9135044656250001 0.114397321875 0.7885044640625 0.114397321875
2 0.5686383921875 0.2561383921875 0.6713169640625 0.2561383921875 0.6713169640625 0.3264508921875 0.5686383921875 0.3264508921875
2 0.5150669640625 0.30747767812500004 0.6077008921875 0.30747767812500004 0.6077008921875 0.39006696406249997 0.5150669640625 0.39006696406249997
2 0.489397321875 0.43694196406249997 0.59765625 0.43694196406249997 0.59765625 0.5362723218750001 0.489397321875 0.5362723218750001
3 0.448102678125 0.5463169640625 0.55859375 0.5463169640625 0.55859375 0.62109375 0.448102678125 0.62109375
3 0.41462053593750003 0.6199776781249999 0.5228794640625 0.6199776781249999 0.5228794640625 0.6958705359375 0.41462053593750003 0.6958705359375
3 0.40792410781250005 0.73046875 0.5050223218750001 0.73046875 0.5050223218750001 0.8130580359374999 0.40792410781250005 0.8130580359374999
3 0.16350446406250002 0.3922991078125 0.29743303593750003 0.3922991078125 0.29743303593750003 0.5362723218750001 0.16350446406250002 0.5362723218750001
2 0.26618303593750003 0.2204241078125 0.38560267812500004 0.2204241078125 0.38560267812500004 0.33984375 0.26618303593750003 0.33984375
3 0.114397321875 0.55078125 0.2193080359375 0.55078125 0.2193080359375 0.6668526781249999 0.114397321875 0.6668526781249999
3 0.0474330359375 0.28069196406249997 0.1467633921875 0.28069196406249997 0.1467633921875 0.38337053593750003 0.0474330359375 0.38337053593750003
3 0.006138392187499999 0.2360491078125 0.096540178125 0.2360491078125 0.096540178125 0.34095982187499996 0.006138392187499999 0.34095982187499996
3 0.001953125 0.58984375 0.0541294640625 0.58984375 0.0541294640625 0.700216775 0.001953125 0.700216775
3 0.42578125 0.434709821875 0.48381696406249997 0.434709821875 0.48381696406249997 0.47823660781250005 0.42578125 0.47823660781250005
3 0.48493303593750003 0.38560267812500004 0.5407366078125 0.38560267812500004 0.5407366078125 0.43024553593750003 0.48493303593750003 0.43024553593750003
3 0.37555803593750003 0.30078125 0.48604910781250005 0.30078125 0.48604910781250005 0.424665178125 0.37555803593750003 0.424665178125
3 0.9592633921875 0.52734375 0.99609375 0.52734375 0.99609375 0.6088169640625 0.9592633921875 0.6088169640625