3 0.26841517812500004 0.7405133921875 0.40234375 0.7405133921875 0.40234375 0.8666294640625001 0.26841517812500004 0.8666294640625001
2 0.039620534375 0.8577008921875 0.20033482187499999 0.8577008921875 0.20033482187499999 0.9927455359374999 0.039620534375 0.9927455359374999
2 0.24609375 0.47265625 0.3688616078125 0.47265625 0.3688616078125 0.58984375 0.24609375 0.58984375
3 0.2036830359375 0.22154017812500001 0.2907366078125 0.22154017812500001 0.2907366078125 0.35546875 0.2036830359375 0.35546875
2 0.140066965625 0.135602678125 0.26506696406249997 0.135602678125 0.26506696406249997 0.21372767812500001 0.140066965625 0.21372767812500001
2 0.086495534375 0.038504465625 0.2114955359375 0.038504465625 0.2114955359375 0.114397321875 0.086495534375 0.114397321875
2 0.32868303593750003 0.2561383921875 0.43136160781250005 0.2561383921875 0.43136160781250005 0.3264508921875 0.32868303593750003 0.3264508921875
2 0.3922991078125 0.30747767812500004 0.48493303593750003 0.30747767812500004 0.48493303593750003 0.39006696406249997 0.3922991078125 0.39006696406249997
2 0.40234375 0.43694196406249997 0.5106026781249999 0.43694196406249997 0.5106026781249999 0.5362723218750001 0.40234375 0.5362723218750001
3 0.44140625 0.5463169640625 0.5518973218750001 0.5463169640625 0.5518973218750001 0.62109375 0.44140625 0.62109375
3 0.47712053593750003 0.6199776781249999 0.5853794640625 0.6199776781249999 0.5853794640625 0.6958705359375 0.47712053593750003 0.6958705359375
3 0.494977678125 0.73046875 0.5920758921875 0.73046875 0.5920758921875 0.8130580359374999 0.494977678125 0.8130580359374999
3 0.7025669640625 0.3922991078125 0.8364955359374999 0.3922991078125 0.8364955359374999 0.5362723218750001 0.7025669640625 0.5362723218750001
2 0.6143973218750001 0.2204241078125 0.7338169640625 0.2204241078125 0.7338169640625 0.33984375 0.6143973218750001 0.33984375
3 0.7806919640625 0.55078125 0.8856026781249999 0.55078125 0.8856026781249999 0.6668526781249999 0.7806919640625 0.6668526781249999
3 0.8532366078125 0.28069196406249997 0.9525669640625001 0.28069196406249997 0.9525669640625001 0.38337053593750003 0.8532366078125 0.38337053593750003
3 0.9034598218750001 0.2360491078125 0.9938616078125 0.2360491078125 0.9938616078125 0.34095982187499996 0.9034598218750001 0.34095982187499996
3 0.9458705359374999 0.58984375 0.998046875 0.58984375 0.998046875 0.700216775 0.9458705359374999 0.700216775
3 0.5161830359375 0.434709821875 0.57421875 0.434709821875 0.57421875 0.47823660781250005 0.5161830359375 0.47823660781250005
3 0.45926339218749995 0.38560267812500004 0.5150669640625 0.38560267812500004 0.5150669640625 0.43024553593750003 0.45926339218749995 0.43024553593750003
3 0.5139508921875 0.30078125 0.6244419640625 0.30078125 0.6244419640625 0.424665178125 0.5139508921875 0.424665178125
3 0.00390625 0.52734375 0.0407366078125 0.52734375 0.0407366078125 0.6088169640625 0.00390625 0.6088169640625