0 0.8141741078125 0.03515625 0.9347098218750001 0.03515625 0.9347098218750001 0.166852678125 0.8141741078125 0.166852678125
3 0.5887276781249999 0.1311383921875 0.6981026781249999 0.1311383921875 0.6981026781249999 0.2438616078125 0.5887276781249999 0.2438616078125
1 0.6422991078125 0.2751116078125 0.72265625 0.2751116078125 0.72265625 0.36216517812500004 0.6422991078125 0.36216517812500004
1 0.7639508921875 0.32310267812500004 0.8655133921875 0.32310267812500004 0.8655133921875 0.403459821875 0.7639508921875 0.403459821875
1 0.7271205359375 0.43582589218749995 0.8052455359374999 0.43582589218749995 0.8052455359374999 0.5161830359375 0.7271205359375 0.5161830359375
1 0.8030133921875 0.5396205359375 0.9012276781249999 0.5396205359375 0.9012276781249999 0.6266741078125 0.8030133921875 0.6266741078125
3 0.6467633921875 0.55859375 0.7260044640625 0.55859375 0.7260044640625 0.6545758921875 0.6467633921875 0.6545758921875
1 0.7505580359375 0.6925223218750001 0.8688616078125 0.6925223218750001 0.8688616078125 0.8097098218750001 0.7505580359375 0.8097098218750001
1 0.6434151781249999 0.8353794640625001 0.7282366078125 0.8353794640625001 0.7282366078125 0.93359375 0.6434151781249999 0.93359375
3 0.48046875 0.7684151781249999 0.5485491078125 0.7684151781249999 0.5485491078125 0.83203125 0.48046875 0.83203125
2 0.26841517812500004 0.6824776781249999 0.39453125 0.6824776781249999 0.39453125 0.8297991078125 0.26841517812500004 0.8297991078125
2 0.147879465625 0.8521205359374999 0.30859375 0.8521205359374999 0.30859375 0.9704241078125 0.147879465625 0.9704241078125
3 0.473772321875 0.8911830359374999 0.5909598218750001 0.8911830359374999 0.5909598218750001 0.9949776781249999 0.473772321875 0.9949776781249999
2 0.8219866078125 0.8510044640625001 0.8989955359374999 0.8510044640625001 0.8989955359374999 0.96484375 0.8219866078125 0.96484375