2 0.7661389796875 0.1427837171875 0.8573704765624999 0.1427837171875 0.8573704765624999 0.2520045234375 0.7661389796875 0.2520045234375
3 0.362664475 0.7158717109375 0.4346217109375 0.7158717109375 0.4346217109375 0.79296875 0.362664475 0.79296875
3 0.15835731875 0.646484375 0.275287828125 0.646484375 0.275287828125 0.736430921875 0.15835731875 0.736430921875
3 0.064555921875 0.6991673515625 0.1313733546875 0.6991673515625 0.1313733546875 0.7968236015625 0.064555921875 0.7968236015625
0 0.0953947359375 0.8328022203125001 0.20718544374999998 0.8328022203125001 0.20718544374999998 0.9420230249999999 0.0953947359375 0.9420230249999999
1 0.5271381578125001 0.31625205625 0.592670640625 0.31625205625 0.592670640625 0.3869243421875 0.5271381578125001 0.3869243421875
3 0.7031763984375 0.2956928453125 0.76870888125 0.2956928453125 0.76870888125 0.353515625 0.7031763984375 0.353515625
2 0.6233258921875 0.1623883921875 0.7260044640625 0.1623883921875 0.7260044640625 0.26171875 0.6233258921875 0.26171875
3 0.47042410781250005 0.186941965625 0.5876116078125 0.186941965625 0.5876116078125 0.3063616078125 0.47042410781250005 0.3063616078125
1 0.0452008921875 0.006138392187499999 0.16015625 0.006138392187499999 0.16015625 0.088727678125 0.0452008921875 0.088727678125
1 0.2260044640625 0.53515625 0.3454241078125 0.53515625 0.3454241078125 0.6333705359375 0.2260044640625 0.6333705359375