2 0.1426295234375 0.1427837171875 0.2338610203125 0.1427837171875 0.2338610203125 0.2520045234375 0.1426295234375 0.2520045234375
3 0.5653782890625 0.7158717109375 0.637335525 0.7158717109375 0.637335525 0.79296875 0.5653782890625 0.79296875
3 0.724712171875 0.646484375 0.84164268125 0.646484375 0.84164268125 0.736430921875 0.724712171875 0.736430921875
3 0.8686266453125 0.6991673515625 0.935444078125 0.6991673515625 0.935444078125 0.7968236015625 0.8686266453125 0.7968236015625
0 0.79281455625 0.8328022203125001 0.9046052640625 0.8328022203125001 0.9046052640625 0.9420230249999999 0.79281455625 0.9420230249999999
1 0.407329359375 0.31625205625 0.4728618421875 0.31625205625 0.4728618421875 0.3869243421875 0.407329359375 0.3869243421875
3 0.23129111875000002 0.2956928453125 0.2968236015625 0.2956928453125 0.2968236015625 0.353515625 0.23129111875000002 0.353515625
2 0.27399553593750003 0.1623883921875 0.3766741078125 0.1623883921875 0.3766741078125 0.26171875 0.27399553593750003 0.26171875
3 0.41238839218749995 0.186941965625 0.5295758921875 0.186941965625 0.5295758921875 0.3063616078125 0.41238839218749995 0.3063616078125
1 0.83984375 0.006138392187499999 0.9547991078125 0.006138392187499999 0.9547991078125 0.088727678125 0.83984375 0.088727678125
1 0.6545758921875 0.53515625 0.7739955359375 0.53515625 0.7739955359375 0.6333705359375 0.6545758921875 0.6333705359375