3 0.440290178125 0.1467633921875 0.53515625 0.1467633921875 0.53515625 0.24609375 0.440290178125 0.24609375
3 0.5887276781249999 0.29185267812500004 0.7081473218750001 0.29185267812500004 0.7081473218750001 0.39118303593750003 0.5887276781249999 0.39118303593750003
1 0.5943080359375 0.3922991078125 0.69921875 0.3922991078125 0.69921875 0.463727678125 0.5943080359375 0.463727678125
1 0.471540178125 0.5340401781249999 0.5630580359375 0.5340401781249999 0.5630580359375 0.5965401781249999 0.471540178125 0.5965401781249999
3 0.5128348218750001 0.45256696406249997 0.6065848218750001 0.45256696406249997 0.6065848218750001 0.5407366078125 0.5128348218750001 0.5407366078125
3 0.6010044640625 0.6478794640625 0.7126116078125 0.6478794640625 0.7126116078125 0.7237723218750001 0.6010044640625 0.7237723218750001
3 0.43359375 0.6143973218750001 0.5518973218750001 0.6143973218750001 0.5518973218750001 0.7126116078125 0.43359375 0.7126116078125
3 0.3498883921875 0.7639508921875 0.48381696406249997 0.7639508921875 0.48381696406249997 0.8643973218750001 0.3498883921875 0.8643973218750001
1 0.6356026781249999 0.9090401781249999 0.7215401781249999 0.9090401781249999 0.7215401781249999 0.9849330359374999 0.6356026781249999 0.9849330359374999
1 0.6333705359375 0.8097098218750001 0.7393973218750001 0.8097098218750001 0.7393973218750001 0.8844866078125 0.6333705359375 0.8844866078125
3 0.39006696406249997 0.91015625 0.49274553593750003 0.91015625 0.49274553593750003 0.99609375 0.39006696406249997 0.99609375
3 0.21372767812500001 0.8922991078125 0.3108258921875 0.8922991078125 0.3108258921875 0.99609375 0.21372767812500001 0.99609375
3 0.10040375625 0.9056919640625001 0.2014508921875 0.9056919640625001 0.2014508921875 0.998046875 0.10040375625 0.998046875
3 0.17578125 0.7271205359375 0.29296875 0.7271205359375 0.29296875 0.8387276781249999 0.17578125 0.8387276781249999
3 0.0474330359375 0.6802455359375 0.12890625 0.6802455359375 0.12890625 0.78515625 0.0474330359375 0.78515625
3 0.21372767812500001 0.6277901781249999 0.3264508921875 0.6277901781249999 0.3264508921875 0.70703125 0.21372767812500001 0.70703125
3 0.2047991078125 0.5206473218750001 0.32756696406249997 0.5206473218750001 0.32756696406249997 0.6065848218750001 0.2047991078125 0.6065848218750001
3 0.08984375 0.5106026781249999 0.184709821875 0.5106026781249999 0.184709821875 0.6143973218750001 0.08984375 0.6143973218750001
3 0.0139508921875 0.487165178125 0.0876116078125 0.487165178125 0.0876116078125 0.5887276781249999 0.0139508921875 0.5887276781249999
3 0.36328125 0.37444196406249997 0.47265625 0.37444196406249997 0.47265625 0.479352678125 0.36328125 0.479352678125
3 0.35881696406249997 0.2338169640625 0.50390625 0.2338169640625 0.50390625 0.33203125 0.35881696406249997 0.33203125
3 0.28404017812500004 0.166852678125 0.36439732187499996 0.166852678125 0.36439732187499996 0.2438616078125 0.28404017812500004 0.2438616078125
3 0.2405133921875 0.32868303593750003 0.34319196406249997 0.32868303593750003 0.34319196406249997 0.43136160781250005 0.2405133921875 0.43136160781250005
3 0.1501116078125 0.26506696406249997 0.26618303593750003 0.26506696406249997 0.26618303593750003 0.39118303593750003 0.1501116078125 0.39118303593750003
3 0.19921875 0.141183034375 0.28069196406249997 0.141183034375 0.28069196406249997 0.2360491078125 0.19921875 0.2360491078125
3 0.104352678125 0.0954241078125 0.2114955359375 0.0954241078125 0.2114955359375 0.20033482187499999 0.104352678125 0.20033482187499999
3 0.0172991078125 0.07421875 0.12109375 0.07421875 0.12109375 0.180245534375 0.0172991078125 0.180245534375
3 0.083147321875 0.23158482187499999 0.1545758921875 0.23158482187499999 0.1545758921875 0.3219866078125 0.083147321875 0.3219866078125
3 0.001953125 0.23828125 0.0786830359375 0.23828125 0.0786830359375 0.341653490625 0.001953125 0.341653490625
3 0.8599330343749999 0.9012276781249999 0.9547991078125 0.9012276781249999 0.9547991078125 0.9782366078125 0.8599330343749999 0.9782366078125