3 0.46484375 0.1467633921875 0.5597098218750001 0.1467633921875 0.5597098218750001 0.24609375 0.46484375 0.24609375
3 0.29185267812500004 0.29185267812500004 0.411272321875 0.29185267812500004 0.411272321875 0.39118303593750003 0.29185267812500004 0.39118303593750003
1 0.30078125 0.3922991078125 0.40569196406249997 0.3922991078125 0.40569196406249997 0.463727678125 0.30078125 0.463727678125
1 0.43694196406249997 0.5340401781249999 0.5284598218750001 0.5340401781249999 0.5284598218750001 0.5965401781249999 0.43694196406249997 0.5965401781249999
3 0.39341517812500004 0.45256696406249997 0.487165178125 0.45256696406249997 0.487165178125 0.5407366078125 0.39341517812500004 0.5407366078125
3 0.2873883921875 0.6478794640625 0.39899553593750003 0.6478794640625 0.39899553593750003 0.7237723218750001 0.2873883921875 0.7237723218750001
3 0.448102678125 0.6143973218750001 0.56640625 0.6143973218750001 0.56640625 0.7126116078125 0.448102678125 0.7126116078125
3 0.5161830359375 0.7639508921875 0.6501116078125 0.7639508921875 0.6501116078125 0.8643973218750001 0.5161830359375 0.8643973218750001
1 0.27845982187499996 0.9090401781249999 0.36439732187499996 0.9090401781249999 0.36439732187499996 0.9849330359374999 0.27845982187499996 0.9849330359374999
1 0.26060267812500004 0.8097098218750001 0.36662946406249997 0.8097098218750001 0.36662946406249997 0.8844866078125 0.26060267812500004 0.8844866078125
3 0.5072544640625 0.91015625 0.6099330359375 0.91015625 0.6099330359375 0.99609375 0.5072544640625 0.99609375
3 0.6891741078125 0.8922991078125 0.7862723218750001 0.8922991078125 0.7862723218750001 0.99609375 0.6891741078125 0.99609375
3 0.7985491078125 0.9056919640625001 0.8995962437499999 0.9056919640625001 0.8995962437499999 0.998046875 0.7985491078125 0.998046875
3 0.70703125 0.7271205359375 0.82421875 0.7271205359375 0.82421875 0.8387276781249999 0.70703125 0.8387276781249999
3 0.87109375 0.6802455359375 0.9525669640625001 0.6802455359375 0.9525669640625001 0.78515625 0.87109375 0.78515625
3 0.6735491078125 0.6277901781249999 0.7862723218750001 0.6277901781249999 0.7862723218750001 0.70703125 0.6735491078125 0.70703125
3 0.6724330359375 0.5206473218750001 0.7952008921875 0.5206473218750001 0.7952008921875 0.6065848218750001 0.6724330359375 0.6065848218750001
3 0.8152901781249999 0.5106026781249999 0.91015625 0.5106026781249999 0.91015625 0.6143973218750001 0.8152901781249999 0.6143973218750001
3 0.9123883921875 0.487165178125 0.9860491078125 0.487165178125 0.9860491078125 0.5887276781249999 0.9123883921875 0.5887276781249999
3 0.52734375 0.37444196406249997 0.63671875 0.37444196406249997 0.63671875 0.479352678125 0.52734375 0.479352678125
3 0.49609375 0.2338169640625 0.6411830359375 0.2338169640625 0.6411830359375 0.33203125 0.49609375 0.33203125
3 0.6356026781249999 0.166852678125 0.7159598218750001 0.166852678125 0.7159598218750001 0.2438616078125 0.6356026781249999 0.2438616078125
3 0.6568080359375 0.32868303593750003 0.7594866078125 0.32868303593750003 0.7594866078125 0.43136160781250005 0.6568080359375 0.43136160781250005
3 0.7338169640625 0.26506696406249997 0.8498883921875 0.26506696406249997 0.8498883921875 0.39118303593750003 0.7338169640625 0.39118303593750003
3 0.7193080359375 0.141183034375 0.80078125 0.141183034375 0.80078125 0.2360491078125 0.7193080359375 0.2360491078125
3 0.7885044640625 0.0954241078125 0.8956473218750001 0.0954241078125 0.8956473218750001 0.20033482187499999 0.7885044640625 0.20033482187499999
3 0.87890625 0.07421875 0.9827008921875 0.07421875 0.9827008921875 0.180245534375 0.87890625 0.180245534375
3 0.8454241078125 0.23158482187499999 0.9168526781249999 0.23158482187499999 0.9168526781249999 0.3219866078125 0.8454241078125 0.3219866078125
3 0.9213169640625001 0.23828125 0.998046875 0.23828125 0.998046875 0.341653490625 0.9213169640625001 0.341653490625
3 0.0452008921875 0.9012276781249999 0.140066965625 0.9012276781249999 0.140066965625 0.9782366078125 0.0452008921875 0.9782366078125