3 0.163985403125 0.187114515625 0.3078998765625 0.187114515625 0.3078998765625 0.322034334375 0.163985403125 0.322034334375
3 0.5237715875 0.1806897609375 0.6381321953125 0.1806897609375 0.6381321953125 0.2770610609375 0.5237715875 0.2770610609375
3 0.53662109375 0.6921001234374999 0.639417146875 0.6921001234374999 0.639417146875 0.797466078125 0.53662109375 0.797466078125
3 0.8257349921875001 0.48265316562500005 0.9323858968750001 0.48265316562500005 0.9323858968750001 0.58287931875 0.8257349921875001 0.58287931875
3 0.8835577718750001 0.5622815578125 0.998046875 0.5622815578125 0.998046875 0.68567536875 0.8835577718750001 0.68567536875
3 0.7846165703125 0.7409282484374999 0.9375256984375 0.7409282484374999 0.9375256984375 0.889982525 0.7846165703125 0.889982525
0 0.24493729531250003 0.402986225 0.3567280015625 0.402986225 0.3567280015625 0.51477693125 0.24493729531250003 0.51477693125
3 0.614360609375 0.5231291109375 0.7210115140625 0.5231291109375 0.7210115140625 0.6195004125 0.614360609375 0.6195004125
3 0.664473684375 0.591231496875 0.7711245875 0.591231496875 0.7711245875 0.6734683375 0.664473684375 0.6734683375
3 0.467876234375 0.605365953125 0.555252878125 0.605365953125 0.555252878125 0.687602796875 0.467876234375 0.687602796875
3 0.3380962171875 0.104235196875 0.4267578125 0.104235196875 0.4267578125 0.1967516453125 0.3380962171875 0.1967516453125
3 0.6746651781249999 0.2717633921875 0.7728794640625 0.2717633921875 0.7728794640625 0.34430803593750003 0.6746651781249999 0.34430803593750003
2 0.31975446406249997 0.3577008921875 0.43024553593750003 0.3577008921875 0.43024553593750003 0.46484375 0.31975446406249997 0.46484375