3 0.6921001234374999 0.187114515625 0.836014596875 0.187114515625 0.836014596875 0.322034334375 0.6921001234374999 0.322034334375
3 0.3618678046875 0.1806897609375 0.4762284125 0.1806897609375 0.4762284125 0.2770610609375 0.3618678046875 0.2770610609375
3 0.360582853125 0.6921001234374999 0.46337890625 0.6921001234374999 0.46337890625 0.797466078125 0.360582853125 0.797466078125
3 0.067614103125 0.48265316562500005 0.1742650078125 0.48265316562500005 0.1742650078125 0.58287931875 0.067614103125 0.58287931875
3 0.001953125 0.5622815578125 0.116442228125 0.5622815578125 0.116442228125 0.68567536875 0.001953125 0.68567536875
3 0.0624743015625 0.7409282484374999 0.2153834296875 0.7409282484374999 0.2153834296875 0.889982525 0.0624743015625 0.889982525
0 0.6432719984374999 0.402986225 0.7550627046875 0.402986225 0.7550627046875 0.51477693125 0.6432719984374999 0.51477693125
3 0.2789884859375 0.5231291109375 0.385639390625 0.5231291109375 0.385639390625 0.6195004125 0.2789884859375 0.6195004125
3 0.22887541250000001 0.591231496875 0.335526315625 0.591231496875 0.335526315625 0.6734683375 0.22887541250000001 0.6734683375
3 0.444747121875 0.605365953125 0.532123765625 0.605365953125 0.532123765625 0.687602796875 0.444747121875 0.687602796875
3 0.5732421875 0.104235196875 0.6619037828125001 0.104235196875 0.6619037828125001 0.1967516453125 0.5732421875 0.1967516453125
3 0.2271205359375 0.2717633921875 0.32533482187499996 0.2717633921875 0.32533482187499996 0.34430803593750003 0.2271205359375 0.34430803593750003
2 0.5697544640625 0.3577008921875 0.6802455359375 0.3577008921875 0.6802455359375 0.46484375 0.5697544640625 0.46484375