0 0.5954241078125 0.6981026781249999 0.7438616078125 0.6981026781249999 0.7438616078125 0.8364955359374999 0.5954241078125 0.8364955359374999
3 0.401227678125 0.76171875 0.471540178125 0.76171875 0.471540178125 0.8231026781249999 0.401227678125 0.8231026781249999
3 0.3688616078125 0.6277901781249999 0.46930803593750003 0.6277901781249999 0.46930803593750003 0.7282366078125 0.3688616078125 0.7282366078125
3 0.3342633921875 0.37890625 0.463727678125 0.37890625 0.463727678125 0.57421875 0.3342633921875 0.57421875
3 0.29743303593750003 0.1344866078125 0.44587053593750003 0.1344866078125 0.44587053593750003 0.3219866078125 0.29743303593750003 0.3219866078125
3 0.0764508921875 0.31640625 0.2170758921875 0.31640625 0.2170758921875 0.481584821875 0.0764508921875 0.481584821875
3 0.0295758921875 0.10993303437499999 0.19587053593749998 0.10993303437499999 0.19587053593749998 0.2561383921875 0.0295758921875 0.2561383921875
1 0.17131696406250002 0.7728794640625 0.28627232187499996 0.7728794640625 0.28627232187499996 0.8934151781249999 0.17131696406250002 0.8934151781249999
3 0.1266741078125 0.6378348218750001 0.23939732187499999 0.6378348218750001 0.23939732187499999 0.74609375 0.1266741078125 0.74609375
3 0.8800223218750001 0.6579241078125 0.9704241078125 0.6579241078125 0.9704241078125 0.7784598218750001 0.8800223218750001 0.7784598218750001
3 0.9157366078125 0.901220615625 1 0.901220615625 1 0.94921875 0.9157366078125 0.94921875
3 0.8666294656250001 0.9324776781249999 0.95703125 0.9324776781249999 0.95703125 0.99609375 0.8666294656250001 0.99609375
3 0.22224672499999998 0.9302455359374999 0.3108258921875 0.9302455359374999 0.3108258921875 0.998046875 0.22224672499999998 0.998046875
1 0.22935267812500001 0 0.37218260000000003 0 0.37218260000000003 0.088727678125 0.22935267812500001 0.088727678125
3 0.5753348218750001 0.31194196406249997 0.6322544640625 0.31194196406249997 0.6322544640625 0.38002232187499996 0.5753348218750001 0.38002232187499996