0 0.2561383921875 0.6981026781249999 0.40457589218749995 0.6981026781249999 0.40457589218749995 0.8364955359374999 0.2561383921875 0.8364955359374999
3 0.5284598218750001 0.76171875 0.5987723218750001 0.76171875 0.5987723218750001 0.8231026781249999 0.5284598218750001 0.8231026781249999
3 0.5306919640625 0.6277901781249999 0.6311383921875 0.6277901781249999 0.6311383921875 0.7282366078125 0.5306919640625 0.7282366078125
3 0.5362723218750001 0.37890625 0.6657366078125 0.37890625 0.6657366078125 0.57421875 0.5362723218750001 0.57421875
3 0.5541294640625 0.1344866078125 0.7025669640625 0.1344866078125 0.7025669640625 0.3219866078125 0.5541294640625 0.3219866078125
3 0.7829241078125 0.31640625 0.9235491078125 0.31640625 0.9235491078125 0.481584821875 0.7829241078125 0.481584821875
3 0.8041294640625001 0.10993303437499999 0.9704241078125 0.10993303437499999 0.9704241078125 0.2561383921875 0.8041294640625001 0.2561383921875
1 0.7137276781249999 0.7728794640625 0.8286830359374999 0.7728794640625 0.8286830359374999 0.8934151781249999 0.7137276781249999 0.8934151781249999
3 0.7606026781249999 0.6378348218750001 0.8733258921875 0.6378348218750001 0.8733258921875 0.74609375 0.7606026781249999 0.74609375
3 0.0295758921875 0.6579241078125 0.119977678125 0.6579241078125 0.119977678125 0.7784598218750001 0.0295758921875 0.7784598218750001
3 0 0.901220615625 0.0842633921875 0.901220615625 0.0842633921875 0.94921875 0 0.94921875
3 0.04296875 0.9324776781249999 0.133370534375 0.9324776781249999 0.133370534375 0.99609375 0.04296875 0.99609375
3 0.6891741078125 0.9302455359374999 0.777753275 0.9302455359374999 0.777753275 0.998046875 0.6891741078125 0.998046875
1 0.6278174 0 0.7706473218750001 0 0.7706473218750001 0.088727678125 0.6278174 0.088727678125
3 0.36774553593750003 0.31194196406249997 0.424665178125 0.31194196406249997 0.424665178125 0.38002232187499996 0.36774553593750003 0.38002232187499996