2 0.7576326078125 0.0688990546875 0.92724609375 0.0688990546875 0.92724609375 0.1691252046875 0.7576326078125 0.1691252046875
1 0.225663034375 0.162700453125 0.3297440375 0.162700453125 0.3297440375 0.2577868015625 0.225663034375 0.2577868015625
3 0.1691252046875 0.41455078125 0.262926603125 0.41455078125 0.262926603125 0.5160618828125 0.1691252046875 0.5160618828125
3 0.041915090625 0.3541581 0.1331465875 0.3541581 0.1331465875 0.46980366093750003 0.041915090625 0.46980366093750003
3 0.373432359375 0.500642475 0.46851870937499995 0.500642475 0.46851870937499995 0.6188579359374999 0.373432359375 0.6188579359374999
3 0.035490337500000003 0.837299546875 0.1331465875 0.837299546875 0.1331465875 0.95166015625 0.035490337500000003 0.95166015625
0 0.553325453125 0.4762284125 0.699809828125 0.4762284125 0.699809828125 0.60729338125 0.553325453125 0.60729338125
1 0.8090306328124999 0.598298725 0.896407278125 0.598298725 0.896407278125 0.6921001234374999 0.8090306328124999 0.6921001234374999
1 0.7666272609375 0.785901521875 0.8745631171875001 0.785901521875 0.8745631171875001 0.9118266859374999 0.7666272609375 0.9118266859374999
1 0.7036646796875 0.43382504062500005 0.8308747953125 0.43382504062500005 0.8308747953125 0.517346834375 0.7036646796875 0.517346834375
3 0.8681383640625 0.175549959375 0.9709344156249999 0.175549959375 0.9709344156249999 0.2834858140625 0.8681383640625 0.2834858140625
3 0.7036646796875 0.5725997125 0.797466078125 0.5725997125 0.797466078125 0.666401109375 0.7036646796875 0.666401109375
3 0.63684724375 0.889982525 0.7524928046875 0.889982525 0.7524928046875 0.9914936265625001 0.63684724375 0.9914936265625001
3 0.8931948999999999 0.507341740625 1 0.507341740625 1 0.61050575625 0.8931948999999999 0.61050575625
3 0.8803453953125 0.6734683375 0.9908511499999999 0.6734683375 0.9908511499999999 0.79039885 0.8803453953125 0.79039885
3 0.0695415296875 0.066971628125 0.176192434375 0.066971628125 0.176192434375 0.141498765625 0.0695415296875 0.141498765625
3 0.9235491078125 0.442522321875 0.9983258921875 0.442522321875 0.9983258921875 0.5284598218750001 0.9235491078125 0.5284598218750001
1 0.6947544640625 0.64453125 0.77734375 0.64453125 0.77734375 0.7204241078125 0.6947544640625 0.7204241078125
1 0.6456473218750001 0.7181919640625 0.7126116078125 0.7181919640625 0.7126116078125 0.7840401781249999 0.6456473218750001 0.7840401781249999
3 0.32310267812500004 0.36439732187499996 0.43694196406249997 0.36439732187499996 0.43694196406249997 0.46930803593750003 0.32310267812500004 0.46930803593750003