2 0.07275390625 0.0688990546875 0.24236739218749997 0.0688990546875 0.24236739218749997 0.1691252046875 0.07275390625 0.1691252046875
1 0.6702559625 0.162700453125 0.774336965625 0.162700453125 0.774336965625 0.2577868015625 0.6702559625 0.2577868015625
3 0.737073396875 0.41455078125 0.8308747953125 0.41455078125 0.8308747953125 0.5160618828125 0.737073396875 0.5160618828125
3 0.8668534125 0.3541581 0.958084909375 0.3541581 0.958084909375 0.46980366093750003 0.8668534125 0.46980366093750003
3 0.531481290625 0.500642475 0.626567640625 0.500642475 0.626567640625 0.6188579359374999 0.531481290625 0.6188579359374999
3 0.8668534125 0.837299546875 0.9645096625 0.837299546875 0.9645096625 0.95166015625 0.8668534125 0.95166015625
0 0.300190171875 0.4762284125 0.446674546875 0.4762284125 0.446674546875 0.60729338125 0.300190171875 0.60729338125
1 0.10359272187499999 0.598298725 0.1909693671875 0.598298725 0.1909693671875 0.6921001234374999 0.10359272187499999 0.6921001234374999
1 0.1254368828125 0.785901521875 0.2333727390625 0.785901521875 0.2333727390625 0.9118266859374999 0.1254368828125 0.9118266859374999
1 0.1691252046875 0.43382504062500005 0.2963353203125 0.43382504062500005 0.2963353203125 0.517346834375 0.1691252046875 0.517346834375
3 0.029065584375 0.175549959375 0.1318616359375 0.175549959375 0.1318616359375 0.2834858140625 0.029065584375 0.2834858140625
3 0.20253392187500002 0.5725997125 0.2963353203125 0.5725997125 0.2963353203125 0.666401109375 0.20253392187500002 0.666401109375
3 0.2475071953125 0.889982525 0.36315275625 0.889982525 0.36315275625 0.9914936265625001 0.2475071953125 0.9914936265625001
3 0 0.507341740625 0.10680510000000001 0.507341740625 0.10680510000000001 0.61050575625 0 0.61050575625
3 0.00914885 0.6734683375 0.1196546046875 0.6734683375 0.1196546046875 0.79039885 0.00914885 0.79039885
3 0.823807565625 0.066971628125 0.9304584703125001 0.066971628125 0.9304584703125001 0.141498765625 0.823807565625 0.141498765625
3 0.0016741078125 0.442522321875 0.0764508921875 0.442522321875 0.0764508921875 0.5284598218750001 0.0016741078125 0.5284598218750001
1 0.22265625 0.64453125 0.30524553593750003 0.64453125 0.30524553593750003 0.7204241078125 0.22265625 0.7204241078125
1 0.2873883921875 0.7181919640625 0.35435267812500004 0.7181919640625 0.35435267812500004 0.7840401781249999 0.2873883921875 0.7840401781249999
3 0.5630580359375 0.36439732187499996 0.6768973218750001 0.36439732187499996 0.6768973218750001 0.46930803593750003 0.5630580359375 0.46930803593750003