0 0.4530993 0.7165141859374999 0.61243318125 0.7165141859374999 0.61243318125 0.919536390625 0.4530993 0.919536390625
0 0.4055561265625 0.45823910312500005 0.519916734375 0.45823910312500005 0.519916734375 0.5751696140625 0.4055561265625 0.5751696140625
1 0.50963713125 0.0843184625 0.60986328125 0.0843184625 0.60986328125 0.189684415625 0.50963713125 0.189684415625
3 0.762772409375 0.1845446140625 0.9259611421875 0.1845446140625 0.9259611421875 0.304045025 0.762772409375 0.304045025
2 0.2911955171875 0.44024979531249997 0.3837119640625 0.44024979531249997 0.3837119640625 0.5379060453125 0.2911955171875 0.5379060453125
2 0.8629985609374999 0.528911390625 0.9722193671875001 0.528911390625 0.9722193671875001 0.6689710109375 0.8629985609374999 0.6689710109375
0 0.7910413234375 0.43767989218750003 0.891267475 0.43767989218750003 0.891267475 0.5327662421875 0.7910413234375 0.5327662421875
3 0.1909693671875 0.5212016859374999 0.2963353203125 0.5212016859374999 0.2963353203125 0.60986328125 0.1909693671875 0.60986328125
3 0.617572984375 0.2616416515625 0.7165141859374999 0.2616416515625 0.7165141859374999 0.3567280015625 0.617572984375 0.3567280015625
3 0.48972039375 0.579666940625 0.578381990625 0.579666940625 0.578381990625 0.6747532890625 0.48972039375 0.6747532890625
3 0.1350740140625 0.727436265625 0.226305509375 0.727436265625 0.226305509375 0.8199527124999999 0.1350740140625 0.8199527124999999
3 0.1196546046875 0.8713507406250001 0.2224506578125 0.8713507406250001 0.2224506578125 0.971576890625 0.1196546046875 0.971576890625
3 0.00390625 0.7427455359375 0.067522321875 0.7427455359375 0.067522321875 0.8510044640625001 0.00390625 0.8510044640625001
3 0.0016741078125 0.6311383921875 0.075334821875 0.6311383921875 0.075334821875 0.7427455359375 0.0016741078125 0.7427455359375
3 0.0016741078125 0.5563616078125 0.0954241078125 0.5563616078125 0.0954241078125 0.6534598218750001 0.0016741078125 0.6534598218750001