0 0.38756681875 0.7165141859374999 0.5469007 0.7165141859374999 0.5469007 0.919536390625 0.38756681875 0.919536390625
0 0.480083265625 0.45823910312500005 0.5944438734374999 0.45823910312500005 0.5944438734374999 0.5751696140625 0.480083265625 0.5751696140625
1 0.39013671875 0.0843184625 0.49036286875 0.0843184625 0.49036286875 0.189684415625 0.39013671875 0.189684415625
3 0.0740388578125 0.1845446140625 0.237227590625 0.1845446140625 0.237227590625 0.304045025 0.0740388578125 0.304045025
2 0.6162880359375 0.44024979531249997 0.7088044828125 0.44024979531249997 0.7088044828125 0.5379060453125 0.6162880359375 0.5379060453125
2 0.0277806328125 0.528911390625 0.1370014390625 0.528911390625 0.1370014390625 0.6689710109375 0.0277806328125 0.6689710109375
0 0.108732525 0.43767989218750003 0.2089586765625 0.43767989218750003 0.2089586765625 0.5327662421875 0.108732525 0.5327662421875
3 0.7036646796875 0.5212016859374999 0.8090306328124999 0.5212016859374999 0.8090306328124999 0.60986328125 0.7036646796875 0.60986328125
3 0.2834858140625 0.2616416515625 0.382427015625 0.2616416515625 0.382427015625 0.3567280015625 0.2834858140625 0.3567280015625
3 0.42161800937500005 0.579666940625 0.51027960625 0.579666940625 0.51027960625 0.6747532890625 0.42161800937500005 0.6747532890625
3 0.773694490625 0.727436265625 0.8649259859375 0.727436265625 0.8649259859375 0.8199527124999999 0.773694490625 0.8199527124999999
3 0.7775493421874999 0.8713507406250001 0.8803453953125 0.8713507406250001 0.8803453953125 0.971576890625 0.7775493421874999 0.971576890625
3 0.9324776781249999 0.7427455359375 0.99609375 0.7427455359375 0.99609375 0.8510044640625001 0.9324776781249999 0.8510044640625001
3 0.9246651781249999 0.6311383921875 0.9983258921875 0.6311383921875 0.9983258921875 0.7427455359375 0.9246651781249999 0.7427455359375
3 0.9045758921875 0.5563616078125 0.9983258921875 0.5563616078125 0.9983258921875 0.6534598218750001 0.9045758921875 0.6534598218750001