1 0.2153834296875 0.025210732812499997 0.2989052234375 0.025210732812499997 0.2989052234375 0.10102282031250001 0.2153834296875 0.10102282031250001
3 0.626567640625 0.20638877500000002 0.7666272609375 0.20638877500000002 0.7666272609375 0.3541581 0.626567640625 0.3541581
1 0.783257078125 0.3888517671875 0.891267475 0.3888517671875 0.891267475 0.505934909375 0.783257078125 0.505934909375
3 0.212813528125 0.5494706 0.3258891859375 0.5494706 0.3258891859375 0.677965665625 0.212813528125 0.677965665625
3 0.3991313734375 0.504497328125 0.50963713125 0.504497328125 0.50963713125 0.5957288234375 0.3991313734375 0.5957288234375
3 0.07532380625 0.7653423109374999 0.17298005624999999 0.7653423109374999 0.17298005624999999 0.861713609375 0.07532380625 0.861713609375
1 0.018785978124999998 0.811600534375 0.104877671875 0.811600534375 0.104877671875 0.90283203125 0.018785978124999998 0.90283203125
3 0.026495681250000003 0.140856290625 0.1421412421875 0.140856290625 0.1421412421875 0.2693513578125 0.026495681250000003 0.2693513578125
3 0.6978824 0.739000821875 0.7724095390625 0.739000821875 0.7724095390625 0.810958059375 0.6978824 0.810958059375
3 0.163504465625 0.3376116078125 0.26171875 0.3376116078125 0.26171875 0.442522321875 0.163504465625 0.442522321875
3 0.1422991078125 0.455915178125 0.2036830359375 0.455915178125 0.2036830359375 0.52734375 0.1422991078125 0.52734375
3 0.9380580359374999 0.49274553593750003 0.998046875 0.49274553593750003 0.998046875 0.5910031171875 0.9380580359374999 0.5910031171875
3 0.8030133921875 0.7639508921875 0.9291294640625001 0.7639508921875 0.9291294640625001 0.8844866078125 0.8030133921875 0.8844866078125
3 0.28962053593750003 0.48046875 0.40680803593750003 0.48046875 0.40680803593750003 0.5809151781249999 0.28962053593750003 0.5809151781249999
3 0.32087053593750003 0.411272321875 0.41015625 0.411272321875 0.41015625 0.5027901781249999 0.32087053593750003 0.5027901781249999
3 0.49274553593750003 0.62109375 0.6188616078125 0.62109375 0.6188616078125 0.7025669640625 0.49274553593750003 0.7025669640625