1 0.65234375 0.1311383921875 0.7583705359375 0.1311383921875 0.7583705359375 0.2360491078125 0.65234375 0.2360491078125
1 0.22377232187499999 0.192522321875 0.30412946406249997 0.192522321875 0.30412946406249997 0.31529017812500004 0.22377232187499999 0.31529017812500004
1 0.43359375 0.046316965625 0.5184151781249999 0.046316965625 0.5184151781249999 0.169084821875 0.43359375 0.169084821875
3 0.31194196406249997 0.1936383921875 0.39564732187499996 0.1936383921875 0.39564732187499996 0.30524553593750003 0.31194196406249997 0.30524553593750003
3 0.132254465625 0.20814732187499999 0.2360491078125 0.20814732187499999 0.2360491078125 0.33537946406249997 0.132254465625 0.33537946406249997
3 0.078683034375 0.2248883921875 0.151227678125 0.2248883921875 0.151227678125 0.30747767812500004 0.078683034375 0.30747767812500004
3 0 0.25329350625 0.049665178125 0.25329350625 0.049665178125 0.33314732187499996 0 0.33314732187499996
3 0 0.3247457828125 0.0797991078125 0.3247457828125 0.0797991078125 0.40011160781250005 0 0.40011160781250005
3 0.1501116078125 0.41462053593750003 0.2092633921875 0.41462053593750003 0.2092633921875 0.48604910781250005 0.1501116078125 0.48604910781250005
1 0.34095982187499996 0.33537946406249997 0.47712053593750003 0.33537946406249997 0.47712053593750003 0.44921875 0.34095982187499996 0.44921875
3 0.30524553593750003 0.41015625 0.3688616078125 0.41015625 0.3688616078125 0.5262276781249999 0.30524553593750003 0.5262276781249999
3 0.163504465625 0.5161830359375 0.25390625 0.5161830359375 0.25390625 0.6177455359375 0.163504465625 0.6177455359375
3 0 0.5891388640625 0.11886160781249999 0.5891388640625 0.11886160781249999 0.7059151781249999 0 0.7059151781249999
3 0.11104910781249999 0.6467633921875 0.2092633921875 0.6467633921875 0.2092633921875 0.7561383921875 0.11104910781249999 0.7561383921875
3 0.21372767812500001 0.6534598218750001 0.32868303593750003 0.6534598218750001 0.32868303593750003 0.7639508921875 0.21372767812500001 0.7639508921875
3 0.36439732187499996 0.5284598218750001 0.44921875 0.5284598218750001 0.44921875 0.6043526781249999 0.36439732187499996 0.6043526781249999
3 0.419084821875 0.416852678125 0.5106026781249999 0.416852678125 0.5106026781249999 0.5362723218750001 0.419084821875 0.5362723218750001
3 0.50390625 0.57421875 0.5864955359375 0.57421875 0.5864955359375 0.67578125 0.50390625 0.67578125
3 0.5597098218750001 0.48828125 0.6579241078125 0.48828125 0.6579241078125 0.6177455359375 0.5597098218750001 0.6177455359375
3 0.51171875 0.40569196406249997 0.61328125 0.40569196406249997 0.61328125 0.50390625 0.51171875 0.50390625
1 0.6043526781249999 0.6702008921875 0.7193080359375 0.6702008921875 0.7193080359375 0.8309151781249999 0.6043526781249999 0.8309151781249999
3 0.6478794640625 0.5652901781249999 0.7672991078125 0.5652901781249999 0.7672991078125 0.6891741078125 0.6478794640625 0.6891741078125
3 0.7862723218750001 0.6869419640625 0.8811383921875 0.6869419640625 0.8811383921875 0.81640625 0.7862723218750001 0.81640625
3 0.8510044640625001 0.7784598218750001 0.9458705359374999 0.7784598218750001 0.9458705359374999 0.8744419640625001 0.8510044640625001 0.8744419640625001
3 0.8510044640625001 0.5106026781249999 0.9581473218750001 0.5106026781249999 0.9581473218750001 0.6300223218750001 0.8510044640625001 0.6300223218750001
3 0.9458705359374999 0.49832589218749995 0.998046875 0.49832589218749995 0.998046875 0.6149553578125 0.9458705359374999 0.6149553578125
3 0.5072544640625 0.2036830359375 0.6713169640625 0.2036830359375 0.6713169640625 0.40234375 0.5072544640625 0.40234375
3 0.6590401781249999 0.31640625 0.7427455359375 0.31640625 0.7427455359375 0.43136160781250005 0.6590401781249999 0.43136160781250005
3 0.7282366078125 0.25279017812500004 0.8208705359374999 0.25279017812500004 0.8208705359374999 0.3342633921875 0.7282366078125 0.3342633921875
1 0.7215401781249999 0.34095982187499996 0.8018973218750001 0.34095982187499996 0.8018973218750001 0.43136160781250005 0.7215401781249999 0.43136160781250005
3 0.8309151781249999 0.29743303593750003 0.9324776781249999 0.29743303593750003 0.9324776781249999 0.426897321875 0.8309151781249999 0.426897321875
3 0.5686383921875 0.006138392187499999 0.6322544640625 0.006138392187499999 0.6322544640625 0.088727678125 0.5686383921875 0.088727678125
3 0.7204241078125 0.0139508921875 0.8231026781249999 0.0139508921875 0.8231026781249999 0.156808034375 0.7204241078125 0.156808034375