3 0.5340401781249999 0.190290178125 0.6802455359375 0.190290178125 0.6802455359375 0.3264508921875 0.5340401781249999 0.3264508921875
3 0.8510044640625001 0.11886160781249999 0.9793526781249999 0.11886160781249999 0.9793526781249999 0.2516741078125 0.8510044640625001 0.2516741078125
3 0.7293526781249999 0.0842633921875 0.8097098218750001 0.0842633921875 0.8097098218750001 0.184709821875 0.7293526781249999 0.184709821875
3 0.2405133921875 0.33314732187499996 0.37444196406249997 0.33314732187499996 0.37444196406249997 0.419084821875 0.2405133921875 0.419084821875
3 0.38002232187499996 0.27734375 0.49386160781250005 0.27734375 0.49386160781250005 0.39341517812500004 0.38002232187499996 0.39341517812500004
1 0.3688616078125 0.5072544640625 0.43917410781250005 0.5072544640625 0.43917410781250005 0.6110491078125 0.3688616078125 0.6110491078125
3 0.8643973218750001 0.51171875 0.9715401781249999 0.51171875 0.9715401781249999 0.6356026781249999 0.8643973218750001 0.6356026781249999
3 0.7338169640625 0.46149553593750003 0.8498883921875 0.46149553593750003 0.8498883921875 0.5764508921875 0.7338169640625 0.5764508921875
2 0.26060267812500004 0.73046875 0.44140625 0.73046875 0.44140625 0.8431919640625001 0.26060267812500004 0.8431919640625001
3 0.07421875 0.5619419640625 0.1501116078125 0.5619419640625 0.1501116078125 0.6255580359375 0.07421875 0.6255580359375
3 0.21484375 0.5318080359375 0.30970982187499996 0.5318080359375 0.30970982187499996 0.6266741078125 0.21484375 0.6266741078125
2 0.5005580359375 0.7059151781249999 0.6077008921875 0.7059151781249999 0.6077008921875 0.7550223218750001 0.5005580359375 0.7550223218750001
2 0.0072544640625 0.26171875 0.11774553437499999 0.26171875 0.11774553437499999 0.38671875 0.0072544640625 0.38671875
3 0.5708705359375 0.48381696406249997 0.66796875 0.48381696406249997 0.66796875 0.6077008921875 0.5708705359375 0.6077008921875
1 0.2349330359375 0.0239955359375 0.32087053593750003 0.0239955359375 0.32087053593750003 0.10546875 0.2349330359375 0.10546875
2 0 0.8376048031250001 0.0876116078125 0.8376048031250001 0.0876116078125 0.9626116078125 0 0.9626116078125