3 0.31975446406249997 0.190290178125 0.465959821875 0.190290178125 0.465959821875 0.3264508921875 0.31975446406249997 0.3264508921875
3 0.020647321875 0.11886160781249999 0.14899553593749998 0.11886160781249999 0.14899553593749998 0.2516741078125 0.020647321875 0.2516741078125
3 0.190290178125 0.0842633921875 0.27064732187499996 0.0842633921875 0.27064732187499996 0.184709821875 0.190290178125 0.184709821875
3 0.6255580359375 0.33314732187499996 0.7594866078125 0.33314732187499996 0.7594866078125 0.419084821875 0.6255580359375 0.419084821875
3 0.5061383921875 0.27734375 0.6199776781249999 0.27734375 0.6199776781249999 0.39341517812500004 0.5061383921875 0.39341517812500004
1 0.5608258921875 0.5072544640625 0.6311383921875 0.5072544640625 0.6311383921875 0.6110491078125 0.5608258921875 0.6110491078125
3 0.028459821875000003 0.51171875 0.135602678125 0.51171875 0.135602678125 0.6356026781249999 0.028459821875000003 0.6356026781249999
3 0.1501116078125 0.46149553593750003 0.26618303593750003 0.46149553593750003 0.26618303593750003 0.5764508921875 0.1501116078125 0.5764508921875
2 0.55859375 0.73046875 0.7393973218750001 0.73046875 0.7393973218750001 0.8431919640625001 0.55859375 0.8431919640625001
3 0.8498883921875 0.5619419640625 0.92578125 0.5619419640625 0.92578125 0.6255580359375 0.8498883921875 0.6255580359375
3 0.6902901781249999 0.5318080359375 0.78515625 0.5318080359375 0.78515625 0.6266741078125 0.6902901781249999 0.6266741078125
2 0.3922991078125 0.7059151781249999 0.49944196406249997 0.7059151781249999 0.49944196406249997 0.7550223218750001 0.3922991078125 0.7550223218750001
2 0.8822544656250001 0.26171875 0.9927455359374999 0.26171875 0.9927455359374999 0.38671875 0.8822544656250001 0.38671875
3 0.33203125 0.48381696406249997 0.42912946406249997 0.48381696406249997 0.42912946406249997 0.6077008921875 0.33203125 0.6077008921875
1 0.6791294640625 0.0239955359375 0.7650669640625 0.0239955359375 0.7650669640625 0.10546875 0.6791294640625 0.10546875
2 0.9123883921875 0.8376048031250001 1 0.8376048031250001 1 0.9626116078125 0.9123883921875 0.9626116078125