1 0.5530133921875 0.38783482187499996 0.6467633921875 0.38783482187499996 0.6467633921875 0.465959821875 0.5530133921875 0.465959821875
2 0.6188616078125 0.5318080359375 0.7159598218750001 0.5318080359375 0.7159598218750001 0.6512276781249999 0.6188616078125 0.6512276781249999
3 0.172433034375 0.5396205359375 0.3063616078125 0.5396205359375 0.3063616078125 0.6713169640625 0.172433034375 0.6713169640625
1 0.42578125 0.2170758921875 0.5407366078125 0.2170758921875 0.5407366078125 0.32533482187499996 0.42578125 0.32533482187499996
3 0.27399553593750003 0.20814732187499999 0.3454241078125 0.20814732187499999 0.3454241078125 0.30970982187499996 0.27399553593750003 0.30970982187499996
1 0.41796875 0.35100446406249997 0.489397321875 0.35100446406249997 0.489397321875 0.5094866078125 0.41796875 0.5094866078125
3 0.6021205359375 0.69140625 0.7193080359375 0.69140625 0.7193080359375 0.7896205359375 0.6021205359375 0.7896205359375
3 0.6545758921875 0.7762276781249999 0.7628348218750001 0.7762276781249999 0.7628348218750001 0.8565848218750001 0.6545758921875 0.8565848218750001
3 0.8231026781249999 0.7661830359375 0.97265625 0.7661830359375 0.97265625 0.9135044640625001 0.8231026781249999 0.9135044640625001
3 0.7650669640625 0.58203125 0.8822544640625001 0.58203125 0.8822544640625001 0.7114955359375 0.7650669640625 0.7114955359375
3 0.7081473218750001 0.3030133921875 0.8297991078125 0.3030133921875 0.8297991078125 0.411272321875 0.7081473218750001 0.411272321875
3 0.5675223218750001 0.145647321875 0.6902901781249999 0.145647321875 0.6902901781249999 0.26171875 0.5675223218750001 0.26171875
3 0.82421875 0.35993303593750003 0.9659598218750001 0.35993303593750003 0.9659598218750001 0.53515625 0.82421875 0.53515625
3 0.7405133921875 0.44363839218749995 0.8420758921875 0.44363839218749995 0.8420758921875 0.5563616078125 0.7405133921875 0.5563616078125
3 0.7059151781249999 0.190290178125 0.7873883921875 0.190290178125 0.7873883921875 0.26953125 0.7059151781249999 0.26953125
3 0.8119419640625001 0.17578125 0.9302455359374999 0.17578125 0.9302455359374999 0.30524553593750003 0.8119419640625001 0.30524553593750003
3 0.76953125 0.0295758921875 0.8666294640625001 0.0295758921875 0.8666294640625001 0.12332589218750001 0.76953125 0.12332589218750001
3 0.182477678125 0.2248883921875 0.2873883921875 0.2248883921875 0.2873883921875 0.3376116078125 0.182477678125 0.3376116078125
3 0.11774553437499999 0.29631696406249997 0.25390625 0.29631696406249997 0.25390625 0.42243303593750003 0.11774553437499999 0.42243303593750003
3 0.059709821875 0.3577008921875 0.184709821875 0.3577008921875 0.184709821875 0.487165178125 0.059709821875 0.487165178125
3 0.051897321875 0.51953125 0.156808034375 0.51953125 0.156808034375 0.6356026781249999 0.051897321875 0.6356026781249999
3 0.0016741078125 0.6166294640625 0.10100446562500001 0.6166294640625 0.10100446562500001 0.7248883921875 0.0016741078125 0.7248883921875
1 0 0.7258327609374999 0.055245534375 0.7258327609374999 0.055245534375 0.8108258921875 0 0.8108258921875
1 0.39899553593750003 0.0016741078125 0.49944196406249997 0.0016741078125 0.49944196406249997 0.0920758921875 0.39899553593750003 0.0920758921875
3 0.55859375 0.051897321875 0.6244419640625 0.051897321875 0.6244419640625 0.1344866078125 0.55859375 0.1344866078125
3 0.085379465625 0.11328125 0.2014508921875 0.11328125 0.2014508921875 0.22154017812500001 0.085379465625 0.22154017812500001
3 0 0.23654582031250002 0.098772321875 0.23654582031250002 0.098772321875 0.33314732187499996 0 0.33314732187499996
1 0.4703254484375 0.31817593125 0.5480188187499999 0.31817593125 0.5480188187499999 0.3872367046875 0.4703254484375 0.3872367046875
3 0.068909703125 0.7487266921875 0.135812328125 0.7487266921875 0.135812328125 0.8242619124999999 0.068909703125 0.8242619124999999