2 0.473772321875 0.13671875 0.7248883921875 0.13671875 0.7248883921875 0.5530133921875 0.473772321875 0.5530133921875
0 0.5809151781249999 0.6534598218750001 0.8532366078125 0.6534598218750001 0.8532366078125 0.9079241078125 0.5809151781249999 0.9079241078125
0 0.8699776781249999 0.46407000312499996 1 0.46407000312499996 1 0.6880580359375 0.8699776781249999 0.6880580359375
2 0.8498883921875 0.1408561859375 1 0.1408561859375 1 0.46037946406249997 0.8498883921875 0.46037946406249997
3 0.37444196406249997 0.66796875 0.463727678125 0.66796875 0.463727678125 0.7527901781249999 0.37444196406249997 0.7527901781249999
3 0.26283482187499996 0.6456473218750001 0.32868303593750003 0.6456473218750001 0.32868303593750003 0.7237723218750001 0.26283482187499996 0.7237723218750001
3 0.1389508921875 0.6322544640625 0.2438616078125 0.6322544640625 0.2438616078125 0.7081473218750001 0.1389508921875 0.7081473218750001
1 0.1467633921875 0.5407366078125 0.24609375 0.5407366078125 0.24609375 0.6166294640625 0.1467633921875 0.6166294640625
1 0.1858258921875 0.440290178125 0.28180803593750003 0.440290178125 0.28180803593750003 0.5239955359375 0.1858258921875 0.5239955359375
3 0.45926339218749995 0.8510044640625001 0.5418526781249999 0.8510044640625001 0.5418526781249999 0.9503348218750001 0.45926339218749995 0.9503348218750001
3 0.5541294640625 0.8911830359374999 0.6422991078125 0.8911830359374999 0.6422991078125 0.98046875 0.5541294640625 0.98046875
3 0.2349330359375 0.35881696406249997 0.33091517812500004 0.35881696406249997 0.33091517812500004 0.403459821875 0.2349330359375 0.403459821875
3 0.32087053593750003 0.43359375 0.42020089218749995 0.43359375 0.42020089218749995 0.5385044640625 0.32087053593750003 0.5385044640625
2 0.9235491078125 0.83203125 0.9972098218750001 0.83203125 0.9972098218750001 0.9972098218750001 0.9235491078125 0.9972098218750001