2 0.2751116078125 0.13671875 0.5262276781249999 0.13671875 0.5262276781249999 0.5530133921875 0.2751116078125 0.5530133921875
0 0.1467633921875 0.6534598218750001 0.419084821875 0.6534598218750001 0.419084821875 0.9079241078125 0.1467633921875 0.9079241078125
0 0 0.46407000312499996 0.130022321875 0.46407000312499996 0.130022321875 0.6880580359375 0 0.6880580359375
2 0 0.1408561859375 0.1501116078125 0.1408561859375 0.1501116078125 0.46037946406249997 0 0.46037946406249997
3 0.5362723218750001 0.66796875 0.6255580359375 0.66796875 0.6255580359375 0.7527901781249999 0.5362723218750001 0.7527901781249999
3 0.6713169640625 0.6456473218750001 0.7371651781249999 0.6456473218750001 0.7371651781249999 0.7237723218750001 0.6713169640625 0.7237723218750001
3 0.7561383921875 0.6322544640625 0.8610491078125 0.6322544640625 0.8610491078125 0.7081473218750001 0.7561383921875 0.7081473218750001
1 0.75390625 0.5407366078125 0.8532366078125 0.5407366078125 0.8532366078125 0.6166294640625 0.75390625 0.6166294640625
1 0.7181919640625 0.440290178125 0.8141741078125 0.440290178125 0.8141741078125 0.5239955359375 0.7181919640625 0.5239955359375
3 0.458147321875 0.8510044640625001 0.5407366078125 0.8510044640625001 0.5407366078125 0.9503348218750001 0.458147321875 0.9503348218750001
3 0.3577008921875 0.8911830359374999 0.44587053593750003 0.8911830359374999 0.44587053593750003 0.98046875 0.3577008921875 0.98046875
3 0.6690848218750001 0.35881696406249997 0.7650669640625 0.35881696406249997 0.7650669640625 0.403459821875 0.6690848218750001 0.403459821875
3 0.5797991078125 0.43359375 0.6791294640625 0.43359375 0.6791294640625 0.5385044640625 0.5797991078125 0.5385044640625
2 0.002790178125 0.83203125 0.0764508921875 0.83203125 0.0764508921875 0.9972098218750001 0.002790178125 0.9972098218750001