1 0.65234375 0.188058034375 0.7494419640625 0.188058034375 0.7494419640625 0.30747767812500004 0.65234375 0.30747767812500004
3 0.7751116078125 0.46261160781250005 0.9157366078125 0.46261160781250005 0.9157366078125 0.5987723218750001 0.7751116078125 0.5987723218750001
3 0.7081473218750001 0.5440848218750001 0.8063616078125 0.5440848218750001 0.8063616078125 0.6713169640625 0.7081473218750001 0.6713169640625
3 0.49944196406249997 0.5496651781249999 0.5998883921875 0.5496651781249999 0.5998883921875 0.6902901781249999 0.49944196406249997 0.6902901781249999
3 0.473772321875 0.27622767812500004 0.5463169640625 0.27622767812500004 0.5463169640625 0.3967633921875 0.473772321875 0.3967633921875
3 0.24497767812500001 0.1858258921875 0.33872767812500004 0.1858258921875 0.33872767812500004 0.32421875 0.24497767812500001 0.32421875
2 0.12332589218750001 0.494977678125 0.29743303593750003 0.494977678125 0.29743303593750003 0.6802455359375 0.12332589218750001 0.6802455359375
3 0.3186383921875 0.68359375 0.41573660781250005 0.68359375 0.41573660781250005 0.7840401781249999 0.3186383921875 0.7840401781249999
3 0.1780133921875 0.7706473218750001 0.2907366078125 0.7706473218750001 0.2907366078125 0.8967633921875 0.1780133921875 0.8967633921875
3 0.49944196406249997 0.8231026781249999 0.60546875 0.8231026781249999 0.60546875 0.9547991078125 0.49944196406249997 0.9547991078125
3 0.6356026781249999 0.8833705359374999 0.755739796875 0.8833705359374999 0.755739796875 0.998046875 0.6356026781249999 0.998046875
3 0.8376116078125 0.22935267812500001 0.9369419640625001 0.22935267812500001 0.9369419640625001 0.33537946406249997 0.8376116078125 0.33537946406249997
2 0.00390625 0.55859375 0.060825892187499994 0.55859375 0.060825892187499994 0.76953125 0.00390625 0.76953125