1 0.25055803593750003 0.188058034375 0.34765625 0.188058034375 0.34765625 0.30747767812500004 0.25055803593750003 0.30747767812500004
3 0.0842633921875 0.46261160781250005 0.2248883921875 0.46261160781250005 0.2248883921875 0.5987723218750001 0.0842633921875 0.5987723218750001
3 0.1936383921875 0.5440848218750001 0.29185267812500004 0.5440848218750001 0.29185267812500004 0.6713169640625 0.1936383921875 0.6713169640625
3 0.40011160781250005 0.5496651781249999 0.5005580359375 0.5496651781249999 0.5005580359375 0.6902901781249999 0.40011160781250005 0.6902901781249999
3 0.45368303593750003 0.27622767812500004 0.5262276781249999 0.27622767812500004 0.5262276781249999 0.3967633921875 0.45368303593750003 0.3967633921875
3 0.6612723218750001 0.1858258921875 0.7550223218750001 0.1858258921875 0.7550223218750001 0.32421875 0.6612723218750001 0.32421875
2 0.7025669640625 0.494977678125 0.8766741078125 0.494977678125 0.8766741078125 0.6802455359375 0.7025669640625 0.6802455359375
3 0.5842633921875 0.68359375 0.6813616078125 0.68359375 0.6813616078125 0.7840401781249999 0.5842633921875 0.7840401781249999
3 0.7092633921875 0.7706473218750001 0.8219866078125 0.7706473218750001 0.8219866078125 0.8967633921875 0.7092633921875 0.8967633921875
3 0.39453125 0.8231026781249999 0.5005580359375 0.8231026781249999 0.5005580359375 0.9547991078125 0.39453125 0.9547991078125
3 0.244260203125 0.8833705359374999 0.36439732187499996 0.8833705359374999 0.36439732187499996 0.998046875 0.244260203125 0.998046875
3 0.0630580359375 0.22935267812500001 0.1623883921875 0.22935267812500001 0.1623883921875 0.33537946406249997 0.0630580359375 0.33537946406249997
2 0.9391741078125 0.55859375 0.99609375 0.55859375 0.99609375 0.76953125 0.9391741078125 0.76953125