0 0.015066964062499999 0.127790178125 0.42020089218749995 0.127790178125 0.42020089218749995 0.29743303593750003 0.015066964062499999 0.29743303593750003
2 0.28850446406249997 0.020647321875 0.6032366078125 0.020647321875 0.6032366078125 0.2248883921875 0.28850446406249997 0.2248883921875
0 0.001953125 0.3811383921875 0.35100446406249997 0.3811383921875 0.35100446406249997 0.8747014343749999 0.001953125 0.8747014343749999
3 0.2985491078125 0.8465401781249999 0.38783482187499996 0.8465401781249999 0.38783482187499996 0.9347098218750001 0.2985491078125 0.9347098218750001
0 0.44140625 0.6400669640625 0.6612723218750001 0.6400669640625 0.6612723218750001 0.8833705359374999 0.44140625 0.8833705359374999
3 0.7717633921875 0.6277901781249999 0.8766741078125 0.6277901781249999 0.8766741078125 0.7349330359375 0.7717633921875 0.7349330359375
3 0.8409598218750001 0.6724330359375 0.9559151781249999 0.6724330359375 0.9559151781249999 0.77734375 0.8409598218750001 0.77734375
3 0.7315848218750001 0.5920758921875 0.8186383921875 0.5920758921875 0.8186383921875 0.6958705359375 0.7315848218750001 0.6958705359375
2 0.49274553593750003 0.411272321875 0.6668526781249999 0.411272321875 0.6668526781249999 0.5541294640625 0.49274553593750003 0.5541294640625
2 0.66796875 0.26618303593750003 0.8119419656250001 0.26618303593750003 0.8119419656250001 0.38225446406249997 0.66796875 0.38225446406249997
2 0.7483258921875 0.33203125 0.8878348218750001 0.33203125 0.8878348218750001 0.44140625 0.7483258921875 0.44140625
2 0.7561383921875 0.184709821875 0.9079241078125 0.184709821875 0.9079241078125 0.31194196406249997 0.7561383921875 0.31194196406249997
2 0.8186383921875 0.054129465625 0.9949776781249999 0.054129465625 0.9949776781249999 0.2327008921875 0.8186383921875 0.2327008921875