0 0.5797991078125 0.127790178125 0.9849330359374999 0.127790178125 0.9849330359374999 0.29743303593750003 0.5797991078125 0.29743303593750003
2 0.3967633921875 0.020647321875 0.7114955359375 0.020647321875 0.7114955359375 0.2248883921875 0.3967633921875 0.2248883921875
0 0.6489955359375 0.3811383921875 0.998046875 0.3811383921875 0.998046875 0.8747014343749999 0.6489955359375 0.8747014343749999
3 0.6121651781249999 0.8465401781249999 0.7014508921875 0.8465401781249999 0.7014508921875 0.9347098218750001 0.6121651781249999 0.9347098218750001
0 0.33872767812500004 0.6400669640625 0.55859375 0.6400669640625 0.55859375 0.8833705359374999 0.33872767812500004 0.8833705359374999
3 0.12332589218750001 0.6277901781249999 0.2282366078125 0.6277901781249999 0.2282366078125 0.7349330359375 0.12332589218750001 0.7349330359375
3 0.044084821875 0.6724330359375 0.159040178125 0.6724330359375 0.159040178125 0.77734375 0.044084821875 0.77734375
3 0.1813616078125 0.5920758921875 0.26841517812500004 0.5920758921875 0.26841517812500004 0.6958705359375 0.1813616078125 0.6958705359375
2 0.33314732187499996 0.411272321875 0.5072544640625 0.411272321875 0.5072544640625 0.5541294640625 0.33314732187499996 0.5541294640625
2 0.188058034375 0.26618303593750003 0.33203125 0.26618303593750003 0.33203125 0.38225446406249997 0.188058034375 0.38225446406249997
2 0.112165178125 0.33203125 0.2516741078125 0.33203125 0.2516741078125 0.44140625 0.112165178125 0.44140625
2 0.0920758921875 0.184709821875 0.2438616078125 0.184709821875 0.2438616078125 0.31194196406249997 0.0920758921875 0.31194196406249997
2 0.005022321875 0.054129465625 0.1813616078125 0.054129465625 0.1813616078125 0.2327008921875 0.005022321875 0.2327008921875