2 0.556651415625 0.094308034375 0.7940848218750001 0.094308034375 0.7940848218750001 0.3872367046875 0.556651415625 0.3872367046875
2 0.78076171875 0.251362046875 0.9979183812500001 0.251362046875 0.9979183812500001 0.5212016859374999 0.78076171875 0.5212016859374999
2 0.3670076078125 0.333598890625 0.5404759453125 0.333598890625 0.5404759453125 0.41712068125 0.3670076078125 0.41712068125
3 0.1061626234375 0.26806640625 0.24493729531250003 0.26806640625 0.24493729531250003 0.3554430515625 0.1061626234375 0.3554430515625
3 0.11515727812500001 0.3515881984375 0.22180818124999999 0.3515881984375 0.22180818124999999 0.4351099921875 0.11515727812500001 0.4351099921875
3 0.1202970796875 0.4351099921875 0.24236739218749997 0.4351099921875 0.24236739218749997 0.519916734375 0.1202970796875 0.519916734375
3 0.1806897609375 0.5494706 0.26549650625 0.5494706 0.26549650625 0.652266653125 0.1806897609375 0.652266653125
3 0.7001683359374999 0.6936938890625 0.8145502421874999 0.6936938890625 0.8145502421874999 0.8361317343750001 0.7001683359374999 0.8361317343750001
3 0.14342619375000001 0.775621915625 0.261641653125 0.775621915625 0.261641653125 0.8642835109375 0.14342619375000001 0.8642835109375
3 0.013003701562500001 0.53597861875 0.1080900484375 0.53597861875 0.1080900484375 0.6619037828125001 0.013003701562500001 0.6619037828125001
3 0.63491981875 0.665758634375 0.7300061671875 0.665758634375 0.7300061671875 0.762129934375 0.63491981875 0.762129934375
3 0.3920641453125 0.80453330625 0.48715049375 0.80453330625 0.48715049375 0.9111842109375001 0.3920641453125 0.9111842109375001
2 0.7907366078125 0 0.8742567749999999 0 0.8742567749999999 0.2516741078125 0.7907366078125 0.2516741078125
2 0.6143973218750001 0.0239955359375 0.7940848218750001 0.0239955359375 0.7940848218750001 0.0954241078125 0.6143973218750001 0.0954241078125
2 0.0033152125 0 0.198102678125 0 0.198102678125 0.20703125 0.0033152125 0.20703125
2 0.10212053593749999 0.52734375 0.1891741078125 0.52734375 0.1891741078125 0.6590401781249999 0.10212053593749999 0.6590401781249999
3 0.49944196406249997 0.83203125 0.6065848218750001 0.83203125 0.6065848218750001 0.9425223218750001 0.49944196406249997 0.9425223218750001
2 0.5689502359375 0.88671875 0.7806919640625 0.88671875 0.7806919640625 0.998046875 0.5689502359375 0.998046875
3 0.13671875 0.8643973218750001 0.26618303593750003 0.8643973218750001 0.26618303593750003 0.9458705359374999 0.13671875 0.9458705359374999
3 0.15680803593749998 0.94921875 0.25837053593750003 0.94921875 0.25837053593750003 0.99609375 0.15680803593749998 0.99609375
3 0.0161830359375 0.7818080359375 0.0954241078125 0.7818080359375 0.0954241078125 0.8811383921875 0.0161830359375 0.8811383921875
3 0.001953125 0.91015625 0.088727678125 0.91015625 0.088727678125 0.9969308031249999 0.001953125 0.9969308031249999
3 0.5463169640625 0.6077008921875 0.6713169640625 0.6077008921875 0.6713169640625 0.7237723218750001 0.5463169640625 0.7237723218750001
3 0.46707589218749995 0.5396205359375 0.6043526781249999 0.5396205359375 0.6043526781249999 0.6858258921875 0.46707589218749995 0.6858258921875
3 0.39453125 0.55078125 0.489397321875 0.55078125 0.489397321875 0.6512276781249999 0.39453125 0.6512276781249999
3 0.767070959375 0.7368568703125 0.882531940625 0.7368568703125 0.882531940625 0.8685039703124999 0.767070959375 0.8685039703124999
2 0.3678133640625 0.4347159875 0.543702521875 0.4347159875 0.543702521875 0.5178047296875 0.3678133640625 0.5178047296875