2 0.20591517812500001 0.094308034375 0.44334858437499997 0.094308034375 0.44334858437499997 0.3872367046875 0.20591517812500001 0.3872367046875
2 0.00208161875 0.251362046875 0.21923828125 0.251362046875 0.21923828125 0.5212016859374999 0.00208161875 0.5212016859374999
2 0.4595240546875 0.333598890625 0.6329923921875 0.333598890625 0.6329923921875 0.41712068125 0.4595240546875 0.41712068125
3 0.7550627046875 0.26806640625 0.8938373765625001 0.26806640625 0.8938373765625001 0.3554430515625 0.7550627046875 0.3554430515625
3 0.77819181875 0.3515881984375 0.884842721875 0.3515881984375 0.884842721875 0.4351099921875 0.77819181875 0.4351099921875
3 0.7576326078125 0.4351099921875 0.8797029203125 0.4351099921875 0.8797029203125 0.519916734375 0.7576326078125 0.519916734375
3 0.73450349375 0.5494706 0.8193102390625 0.5494706 0.8193102390625 0.652266653125 0.73450349375 0.652266653125
3 0.1854497578125 0.6936938890625 0.2998316640625 0.6936938890625 0.2998316640625 0.8361317343750001 0.1854497578125 0.8361317343750001
3 0.738358346875 0.775621915625 0.8565738062499999 0.775621915625 0.8565738062499999 0.8642835109375 0.738358346875 0.8642835109375
3 0.8919099515625 0.53597861875 0.9869962984375 0.53597861875 0.9869962984375 0.6619037828125001 0.8919099515625 0.6619037828125001
3 0.2699938328125 0.665758634375 0.36508018125 0.665758634375 0.36508018125 0.762129934375 0.2699938328125 0.762129934375
3 0.51284950625 0.80453330625 0.6079358546875 0.80453330625 0.6079358546875 0.9111842109375001 0.51284950625 0.9111842109375001
2 0.125743225 0 0.2092633921875 0 0.2092633921875 0.2516741078125 0.125743225 0.2516741078125
2 0.20591517812500001 0.0239955359375 0.38560267812500004 0.0239955359375 0.38560267812500004 0.0954241078125 0.20591517812500001 0.0954241078125
2 0.8018973218750001 0 0.9966847874999999 0 0.9966847874999999 0.20703125 0.8018973218750001 0.20703125
2 0.8108258921875 0.52734375 0.8978794640625001 0.52734375 0.8978794640625001 0.6590401781249999 0.8108258921875 0.6590401781249999
3 0.39341517812500004 0.83203125 0.5005580359375 0.83203125 0.5005580359375 0.9425223218750001 0.39341517812500004 0.9425223218750001
2 0.2193080359375 0.88671875 0.4310497640625 0.88671875 0.4310497640625 0.998046875 0.2193080359375 0.998046875
3 0.7338169640625 0.8643973218750001 0.86328125 0.8643973218750001 0.86328125 0.9458705359374999 0.7338169640625 0.9458705359374999
3 0.7416294640625 0.94921875 0.8431919640625001 0.94921875 0.8431919640625001 0.99609375 0.7416294640625 0.99609375
3 0.9045758921875 0.7818080359375 0.9838169640625001 0.7818080359375 0.9838169640625001 0.8811383921875 0.9045758921875 0.8811383921875
3 0.9112723218750001 0.91015625 0.998046875 0.91015625 0.998046875 0.9969308031249999 0.9112723218750001 0.9969308031249999
3 0.32868303593750003 0.6077008921875 0.45368303593750003 0.6077008921875 0.45368303593750003 0.7237723218750001 0.32868303593750003 0.7237723218750001
3 0.39564732187499996 0.5396205359375 0.5329241078125 0.5396205359375 0.5329241078125 0.6858258921875 0.39564732187499996 0.6858258921875
3 0.5106026781249999 0.55078125 0.60546875 0.55078125 0.60546875 0.6512276781249999 0.5106026781249999 0.6512276781249999
3 0.117468059375 0.7368568703125 0.23292904062500003 0.7368568703125 0.23292904062500003 0.8685039703124999 0.117468059375 0.8685039703124999
2 0.45629747812500004 0.4347159875 0.6321866359375 0.4347159875 0.6321866359375 0.5178047296875 0.45629747812500004 0.5178047296875