2 0.753042990625 0.42500431718750004 0.857713225 0.42500431718750004 0.857713225 0.6472936812500001 0.753042990625 0.6472936812500001
3 0.8911645375000001 0.7616755875 0.9699369828125001 0.7616755875 0.9699369828125001 0.8523178515625001 0.8911645375000001 0.8523178515625001
2 0.8944017609375001 0.065672478125 0.994755696875 0.065672478125 0.994755696875 0.183291609375 0.8944017609375001 0.183291609375
0 0.3688924375 0.0872539703125 0.5253582515625 0.0872539703125 0.5253582515625 0.2264545921875 0.3688924375 0.2264545921875
0 0.21350569687499998 0.1487612234375 0.359180765625 0.1487612234375 0.359180765625 0.278250171875 0.21350569687499998 0.278250171875
2 0.2998316640625 0.038695615625 0.359180765625 0.038695615625 0.359180765625 0.1282588046875 0.2998316640625 0.1282588046875
2 0.8868482390624999 0.3429946484375 0.9580671625000001 0.3429946484375 0.9580671625000001 0.44766488281249994 0.8868482390624999 0.44766488281249994
3 0.8976389843750001 0.5005395375 0.980727728125 0.5005395375 0.980727728125 0.5771538328125 0.8976389843750001 0.5771538328125
1 0.3473109453125 0.42284616875000003 0.42392524218750005 0.42284616875000003 0.42392524218750005 0.5393862234375 0.3473109453125 0.5393862234375
3 0.264222203125 0.42716246562500004 0.32896667812499997 0.42716246562500004 0.32896667812499997 0.524279178125 0.264222203125 0.524279178125
0 0.0009280046874999999 0.51672565625 0.1250215828125 0.51672565625 0.1250215828125 0.6332657109375 0.0009280046874999999 0.6332657109375
1 0.5965771765625 0.7411731703125 0.6807449921875001 0.7411731703125 0.6807449921875001 0.85663415 0.5965771765625 0.85663415
3 0.6829031421875 0.7379359453125 0.7713872578125 0.7379359453125 0.7713872578125 0.84368525625 0.6829031421875 0.84368525625
3 0.5124093578125 0.7433313187499999 0.5954981015625 0.7433313187499999 0.5954981015625 0.8685039703124999 0.5124093578125 0.8685039703124999
3 0.35594354375 0.7552011390625 0.44119043593749996 0.7552011390625 0.44119043593749996 0.859871375 0.35594354375 0.859871375
3 0.44766488281249994 0.7303824234375 0.526437328125 0.7303824234375 0.526437328125 0.8016013484375 0.44766488281249994 0.8016013484375
0 0.34623187031249997 0.5555723421875001 0.4681672984375 0.5555723421875001 0.4681672984375 0.6958520375 0.34623187031249997 0.6958520375
0 0.45737655468750005 0.34946909531250003 0.55017696875 0.34946909531250003 0.55017696875 0.4994604625 0.45737655468750005 0.4994604625