1 0.553325453125 0.24622224374999999 0.6381321953125 0.24622224374999999 0.6381321953125 0.3066149265625 0.553325453125 0.3066149265625
3 0.016216078125 0.23594264062499998 0.140856290625 0.23594264062499998 0.140856290625 0.3323139390625 0.016216078125 0.3323139390625
1 0.187114515625 0.4916478203125 0.28991056875 0.4916478203125 0.28991056875 0.5867341703125 0.187114515625 0.5867341703125
3 0.3323139390625 0.498072575 0.431255140625 0.498072575 0.431255140625 0.61243318125 0.3323139390625 0.61243318125
1 0.4106959296875 0.895122328125 0.48779296875 0.895122328125 0.48779296875 0.9966334296875001 0.4106959296875 0.9966334296875001
0 0.469803659375 0.0329204359375 0.626567640625 0.0329204359375 0.626567640625 0.140856290625 0.469803659375 0.140856290625
2 0.480083265625 0.6381321953125 0.6034385265625 0.6381321953125 0.6034385265625 0.775621915625 0.480083265625 0.775621915625
3 0.383069490625 0.3689350328125 0.47044613437500005 0.3689350328125 0.47044613437500005 0.44988692343750003 0.383069490625 0.44988692343750003
3 0.40491365 0.20574629843749997 0.48843544375 0.20574629843749997 0.48843544375 0.2764185859375 0.40491365 0.2764185859375
3 0.1299342109375 0.61050575625 0.255859375 0.61050575625 0.255859375 0.7158717109375 0.1299342109375 0.7158717109375
2 0.602796053125 0.3753597875 0.7158717109375 0.3753597875 0.7158717109375 0.4845805921875 0.602796053125 0.4845805921875
1 0.1967516453125 0.898334703125 0.32330939999999997 0.898334703125 0.32330939999999997 0.998046875 0.1967516453125 0.998046875
3 0.01171875 0.80453330625 0.092670640625 0.80453330625 0.092670640625 0.8931948999999999 0.01171875 0.8931948999999999
3 0.2672991078125 0.7193080359375 0.3733258921875 0.7193080359375 0.3733258921875 0.7751116078125 0.2672991078125 0.7751116078125
3 0.2047991078125 0.3108258921875 0.27845982187499996 0.3108258921875 0.27845982187499996 0.419084821875 0.2047991078125 0.419084821875
3 0.3030133921875 0.29966517812500004 0.3610491078125 0.29966517812500004 0.3610491078125 0.40680803593750003 0.3030133921875 0.40680803593750003