1 0.3618678046875 0.24622224374999999 0.446674546875 0.24622224374999999 0.446674546875 0.3066149265625 0.3618678046875 0.3066149265625
3 0.8591437093750001 0.23594264062499998 0.983783921875 0.23594264062499998 0.983783921875 0.3323139390625 0.8591437093750001 0.3323139390625
1 0.71008943125 0.4916478203125 0.812885484375 0.4916478203125 0.812885484375 0.5867341703125 0.71008943125 0.5867341703125
3 0.568744859375 0.498072575 0.6676860609374999 0.498072575 0.6676860609374999 0.61243318125 0.568744859375 0.61243318125
1 0.51220703125 0.895122328125 0.5893040703125 0.895122328125 0.5893040703125 0.9966334296875001 0.51220703125 0.9966334296875001
0 0.373432359375 0.0329204359375 0.530196340625 0.0329204359375 0.530196340625 0.140856290625 0.373432359375 0.140856290625
2 0.3965614734375 0.6381321953125 0.519916734375 0.6381321953125 0.519916734375 0.775621915625 0.3965614734375 0.775621915625
3 0.529553865625 0.3689350328125 0.616930509375 0.3689350328125 0.616930509375 0.44988692343750003 0.529553865625 0.44988692343750003
3 0.51156455625 0.20574629843749997 0.59508635 0.20574629843749997 0.59508635 0.2764185859375 0.51156455625 0.2764185859375
3 0.744140625 0.61050575625 0.8700657890624999 0.61050575625 0.8700657890624999 0.7158717109375 0.744140625 0.7158717109375
2 0.2841282890625 0.3753597875 0.397203946875 0.3753597875 0.397203946875 0.4845805921875 0.2841282890625 0.4845805921875
1 0.6766905999999999 0.898334703125 0.8032483546875 0.898334703125 0.8032483546875 0.998046875 0.6766905999999999 0.998046875
3 0.907329359375 0.80453330625 0.98828125 0.80453330625 0.98828125 0.8931948999999999 0.907329359375 0.8931948999999999
3 0.6266741078125 0.7193080359375 0.7327008921875 0.7193080359375 0.7327008921875 0.7751116078125 0.6266741078125 0.7751116078125
3 0.7215401781249999 0.3108258921875 0.7952008921875 0.3108258921875 0.7952008921875 0.419084821875 0.7215401781249999 0.419084821875
3 0.6389508921875 0.29966517812500004 0.6969866078125 0.29966517812500004 0.6969866078125 0.40680803593750003 0.6389508921875 0.40680803593750003