3 0.7114955359375 0.1702008921875 0.7907366078125 0.1702008921875 0.7907366078125 0.25725446406249997 0.7114955359375 0.25725446406249997
3 0.7438616078125 0.2795758921875 0.8309151781249999 0.2795758921875 0.8309151781249999 0.37109375 0.7438616078125 0.37109375
3 0.7483258921875 0.58203125 0.8833705359374999 0.58203125 0.8833705359374999 0.7025669640625 0.7483258921875 0.7025669640625
3 0.489397321875 0.5184151781249999 0.60546875 0.5184151781249999 0.60546875 0.6110491078125 0.489397321875 0.6110491078125
3 0.5563616078125 0.41238839218749995 0.6713169640625 0.41238839218749995 0.6713169640625 0.5083705359375 0.5563616078125 0.5083705359375
3 0.26171875 0.8219866078125 0.38225446406249997 0.8219866078125 0.38225446406249997 0.9268973218750001 0.26171875 0.9268973218750001
3 0.8231026781249999 0.442522321875 0.9157366078125 0.442522321875 0.9157366078125 0.5206473218750001 0.8231026781249999 0.5206473218750001
1 0.9302455359374999 0.063058034375 0.998046875 0.063058034375 0.998046875 0.1813616078125 0.9302455359374999 0.1813616078125
3 0.87890625 0.0217633921875 0.9324776781249999 0.0217633921875 0.9324776781249999 0.140066965625 0.87890625 0.140066965625
3 0.8130580359374999 0.00390625 0.8811383921875 0.00390625 0.8811383921875 0.094308034375 0.8130580359374999 0.094308034375
0 0.6958705359375 0.00390625 0.8130580359374999 0.00390625 0.8130580359374999 0.10100446562500001 0.6958705359375 0.10100446562500001