3 0.2092633921875 0.1702008921875 0.28850446406249997 0.1702008921875 0.28850446406249997 0.25725446406249997 0.2092633921875 0.25725446406249997
3 0.169084821875 0.2795758921875 0.2561383921875 0.2795758921875 0.2561383921875 0.37109375 0.169084821875 0.37109375
3 0.11662946406250001 0.58203125 0.2516741078125 0.58203125 0.2516741078125 0.7025669640625 0.11662946406250001 0.7025669640625
3 0.39453125 0.5184151781249999 0.5106026781249999 0.5184151781249999 0.5106026781249999 0.6110491078125 0.39453125 0.6110491078125
3 0.32868303593750003 0.41238839218749995 0.44363839218749995 0.41238839218749995 0.44363839218749995 0.5083705359375 0.32868303593750003 0.5083705359375
3 0.6177455359375 0.8219866078125 0.73828125 0.8219866078125 0.73828125 0.9268973218750001 0.6177455359375 0.9268973218750001
3 0.0842633921875 0.442522321875 0.176897321875 0.442522321875 0.176897321875 0.5206473218750001 0.0842633921875 0.5206473218750001
1 0.001953125 0.063058034375 0.0697544640625 0.063058034375 0.0697544640625 0.1813616078125 0.001953125 0.1813616078125
3 0.067522321875 0.0217633921875 0.12109375 0.0217633921875 0.12109375 0.140066965625 0.067522321875 0.140066965625
3 0.11886160781249999 0.00390625 0.18694196406250002 0.00390625 0.18694196406250002 0.094308034375 0.11886160781249999 0.094308034375
0 0.18694196406250002 0.00390625 0.30412946406249997 0.00390625 0.30412946406249997 0.10100446562500001 0.18694196406250002 0.10100446562500001