3 0.133370534375 0.0239955359375 0.2751116078125 0.0239955359375 0.2751116078125 0.135602678125 0.133370534375 0.135602678125
1 0.179129465625 0.29296875 0.30524553593750003 0.29296875 0.30524553593750003 0.403459821875 0.179129465625 0.403459821875
3 0.424665178125 0.27287946406249997 0.5061383921875 0.27287946406249997 0.5061383921875 0.35546875 0.424665178125 0.35546875
3 0.465959821875 0.163504465625 0.5563616078125 0.163504465625 0.5563616078125 0.27287946406249997 0.465959821875 0.27287946406249997
3 0.5385044640625 0.10881696562500001 0.6188616078125 0.10881696562500001 0.6188616078125 0.198102678125 0.5385044640625 0.198102678125
3 0.42243303593750003 0.039620534375 0.5764508921875 0.039620534375 0.5764508921875 0.135602678125 0.42243303593750003 0.135602678125
3 0.7126116078125 0.031808034375 0.8465401781249999 0.031808034375 0.8465401781249999 0.179129465625 0.7126116078125 0.179129465625
3 0.94921875 0.2349330359375 0.998046875 0.2349330359375 0.998046875 0.3219744765625 0.94921875 0.3219744765625
2 0.0954241078125 0.48828125 0.2103794640625 0.48828125 0.2103794640625 0.6043526781249999 0.0954241078125 0.6043526781249999
2 0.00390625 0.34095982187499996 0.1389508921875 0.34095982187499996 0.1389508921875 0.47488839218749995 0.00390625 0.47488839218749995
2 0.061941965625 0.8141741078125 0.1858258921875 0.8141741078125 0.1858258921875 0.9135044640625001 0.061941965625 0.9135044640625001