3 0.7248883921875 0.0239955359375 0.8666294656250001 0.0239955359375 0.8666294656250001 0.135602678125 0.7248883921875 0.135602678125
1 0.6947544640625 0.29296875 0.8208705343749999 0.29296875 0.8208705343749999 0.403459821875 0.6947544640625 0.403459821875
3 0.49386160781250005 0.27287946406249997 0.5753348218750001 0.27287946406249997 0.5753348218750001 0.35546875 0.49386160781250005 0.35546875
3 0.44363839218749995 0.163504465625 0.5340401781249999 0.163504465625 0.5340401781249999 0.27287946406249997 0.44363839218749995 0.27287946406249997
3 0.3811383921875 0.10881696562500001 0.46149553593750003 0.10881696562500001 0.46149553593750003 0.198102678125 0.3811383921875 0.198102678125
3 0.42354910781250005 0.039620534375 0.5775669640625 0.039620534375 0.5775669640625 0.135602678125 0.42354910781250005 0.135602678125
3 0.153459821875 0.031808034375 0.2873883921875 0.031808034375 0.2873883921875 0.179129465625 0.153459821875 0.179129465625
3 0.001953125 0.2349330359375 0.05078125 0.2349330359375 0.05078125 0.3219744765625 0.001953125 0.3219744765625
2 0.7896205359375 0.48828125 0.9045758921875 0.48828125 0.9045758921875 0.6043526781249999 0.7896205359375 0.6043526781249999
2 0.8610491078125 0.34095982187499996 0.99609375 0.34095982187499996 0.99609375 0.47488839218749995 0.8610491078125 0.47488839218749995
2 0.8141741078125 0.8141741078125 0.9380580343749999 0.8141741078125 0.9380580343749999 0.9135044640625001 0.8141741078125 0.9135044640625001