3 0.008506373437500001 0.6843904203125 0.0868883640625 0.6843904203125 0.0868883640625 0.773052015625 0.008506373437500001 0.773052015625
3 0.1498509453125 0.4106959296875 0.22180818124999999 0.4106959296875 0.22180818124999999 0.5019274265625 0.1498509453125 0.5019274265625
1 0.1331465875 0.129291734375 0.225663034375 0.129291734375 0.225663034375 0.214098478125 0.1331465875 0.214098478125
1 0.036775287499999997 0.07532380625 0.11515727812500001 0.07532380625 0.11515727812500001 0.15756065 0.036775287499999997 0.15756065
3 0.6188579359374999 0.45181435 0.7229389390625001 0.45181435 0.7229389390625001 0.5456157484374999 0.6188579359374999 0.5456157484374999
3 0.701094778125 0.6702559625 0.8077456812499999 0.6702559625 0.8077456812499999 0.7717670640625001 0.701094778125 0.7717670640625001
3 0.65612150625 0.1716951078125 0.739643296875 0.1716951078125 0.739643296875 0.2475071953125 0.65612150625 0.2475071953125
3 0.8411544 0.0881733140625 0.9233912421875001 0.0881733140625 0.9233912421875001 0.165270353125 0.8411544 0.165270353125
3 0.1980365953125 0.225020559375 0.3046875 0.225020559375 0.3046875 0.3303865140625 0.1980365953125 0.3303865140625
3 0.8713507406250001 0.47044613437500005 0.95101768125 0.47044613437500005 0.95101768125 0.53597861875 0.8713507406250001 0.53597861875
1 0.5184151781249999 0.179129465625 0.6043526781249999 0.179129465625 0.6043526781249999 0.26506696406249997 0.5184151781249999 0.26506696406249997
3 0.47981085625000003 0 0.56640625 0 0.56640625 0.10546875 0.47981085625000003 0.10546875