1 0.02135588125 0.51220703125 0.153705796875 0.51220703125 0.153705796875 0.640702096875 0.02135588125 0.640702096875
2 0.641987046875 0.689530221875 0.7820466703125 0.689530221875 0.7820466703125 0.837299546875 0.641987046875 0.837299546875
1 0.518631784375 0.6599763578125 0.639417146875 0.6599763578125 0.639417146875 0.7653423109374999 0.518631784375 0.7653423109374999
3 0.2397974921875 0.737073396875 0.3567280015625 0.737073396875 0.3567280015625 0.8488641031249999 0.2397974921875 0.8488641031249999
3 0.3772872125 0.7357884453125 0.5083521796875 0.7357884453125 0.5083521796875 0.861713609375 0.3772872125 0.861713609375
3 0.300190171875 0.48522306875 0.41969058437499995 0.48522306875 0.41969058437499995 0.5995836765625 0.300190171875 0.5995836765625
3 0.7306486421875 0.0881733140625 0.8257349921875001 0.0881733140625 0.8257349921875001 0.178119859375 0.7306486421875 0.178119859375
3 0.846294203125 0.05090974375 0.943950453125 0.05090974375 0.943950453125 0.1562756984375 0.846294203125 0.1562756984375
3 0.580309415625 0.1716951078125 0.6728258640625 0.1716951078125 0.6728258640625 0.2590717515625 0.580309415625 0.2590717515625
3 0.4916478203125 0.1961091703125 0.5738846625 0.1961091703125 0.5738846625 0.2770610609375 0.4916478203125 0.2770610609375
3 0.1196546046875 0.834087171875 0.249434621875 0.834087171875 0.249434621875 0.9625822359375 0.1196546046875 0.9625822359375
3 0.882915296875 0.6965974515625 0.9972759046874999 0.6965974515625 0.9972759046874999 0.80453330625 0.882915296875 0.80453330625
3 0.678608140625 0.519274259375 0.78011924375 0.519274259375 0.78011924375 0.616930509375 0.678608140625 0.616930509375
3 0.8469366781250001 0.29312294375 0.931743421875 0.29312294375 0.931743421875 0.383069490625 0.8469366781250001 0.383069490625
3 0.6927426 0.2802734375 0.7891138984375 0.2802734375 0.7891138984375 0.36508018125 0.6927426 0.36508018125
3 0.7839740953125001 0.48715049375 0.8944798515624999 0.48715049375 0.8944798515624999 0.592516446875 0.7839740953125001 0.592516446875
3 0.87777549375 0.397203946875 0.9651521390625 0.397203946875 0.9651521390625 0.483295640625 0.87777549375 0.483295640625
2 0.5758120875 0.3766447359375 0.7043071546874999 0.3766447359375 0.7043071546874999 0.51156455625 0.5758120875 0.51156455625
3 0.9246651781249999 0.5318080359375 0.998046875 0.5318080359375 0.998046875 0.639221821875 0.9246651781249999 0.639221821875
3 0.44587053593750003 0.41796875 0.5675223218750001 0.41796875 0.5675223218750001 0.5373883921875 0.44587053593750003 0.5373883921875
2 0.192522321875 0.23716517812500001 0.32533482187499996 0.23716517812500001 0.32533482187499996 0.36216517812500004 0.192522321875 0.36216517812500004
3 0.096540178125 0.2795758921875 0.1813616078125 0.2795758921875 0.1813616078125 0.3577008921875 0.096540178125 0.3577008921875