1 0.846294203125 0.51220703125 0.9786441187499999 0.51220703125 0.9786441187499999 0.640702096875 0.846294203125 0.640702096875
2 0.21795332968749997 0.689530221875 0.358012953125 0.689530221875 0.358012953125 0.837299546875 0.21795332968749997 0.837299546875
1 0.360582853125 0.6599763578125 0.481368215625 0.6599763578125 0.481368215625 0.7653423109374999 0.360582853125 0.7653423109374999
3 0.6432719984374999 0.737073396875 0.7602025078125 0.737073396875 0.7602025078125 0.8488641031249999 0.6432719984374999 0.8488641031249999
3 0.4916478203125 0.7357884453125 0.6227127875 0.7357884453125 0.6227127875 0.861713609375 0.4916478203125 0.861713609375
3 0.580309415625 0.48522306875 0.699809828125 0.48522306875 0.699809828125 0.5995836765625 0.580309415625 0.5995836765625
3 0.1742650078125 0.0881733140625 0.2693513578125 0.0881733140625 0.2693513578125 0.178119859375 0.1742650078125 0.178119859375
3 0.056049546875 0.05090974375 0.153705796875 0.05090974375 0.153705796875 0.1562756984375 0.056049546875 0.1562756984375
3 0.3271741359375 0.1716951078125 0.41969058437499995 0.1716951078125 0.41969058437499995 0.2590717515625 0.3271741359375 0.2590717515625
3 0.4261153375 0.1961091703125 0.5083521796875 0.1961091703125 0.5083521796875 0.2770610609375 0.4261153375 0.2770610609375
3 0.750565378125 0.834087171875 0.8803453953125 0.834087171875 0.8803453953125 0.9625822359375 0.750565378125 0.9625822359375
3 0.0027240953125 0.6965974515625 0.117084703125 0.6965974515625 0.117084703125 0.80453330625 0.0027240953125 0.80453330625
3 0.21988075624999998 0.519274259375 0.321391859375 0.519274259375 0.321391859375 0.616930509375 0.21988075624999998 0.616930509375
3 0.068256578125 0.29312294375 0.153063321875 0.29312294375 0.153063321875 0.383069490625 0.068256578125 0.383069490625
3 0.2108861015625 0.2802734375 0.3072574 0.2802734375 0.3072574 0.36508018125 0.2108861015625 0.36508018125
3 0.10552014843749999 0.48715049375 0.2160259046875 0.48715049375 0.2160259046875 0.592516446875 0.10552014843749999 0.592516446875
3 0.0348478609375 0.397203946875 0.12222450625 0.397203946875 0.12222450625 0.483295640625 0.0348478609375 0.483295640625
2 0.2956928453125 0.3766447359375 0.4241879125 0.3766447359375 0.4241879125 0.51156455625 0.2956928453125 0.51156455625
3 0.001953125 0.5318080359375 0.075334821875 0.5318080359375 0.075334821875 0.639221821875 0.001953125 0.639221821875
3 0.432477678125 0.41796875 0.5541294640625 0.41796875 0.5541294640625 0.5373883921875 0.432477678125 0.5373883921875
2 0.6746651781249999 0.23716517812500001 0.8074776781249999 0.23716517812500001 0.8074776781249999 0.36216517812500004 0.6746651781249999 0.36216517812500004
3 0.8186383921875 0.2795758921875 0.9034598218750001 0.2795758921875 0.9034598218750001 0.3577008921875 0.8186383921875 0.3577008921875