1 0.4055561265625 0.21795332968749997 0.5212016859374999 0.21795332968749997 0.5212016859374999 0.346448396875 0.4055561265625 0.346448396875
3 0.298905221875 0.3066149265625 0.41198088125 0.3066149265625 0.41198088125 0.41969058437499995 0.298905221875 0.41969058437499995
3 0.68053556875 0.45823910312500005 0.7897563734374999 0.45823910312500005 0.7897563734374999 0.5520405015625001 0.68053556875 0.5520405015625001
3 0.5918739734375 0.3837119640625 0.6766807140625 0.3837119640625 0.6766807140625 0.48779296875 0.5918739734375 0.48779296875
3 0.8090306328124999 0.25650185 0.9323858968750001 0.25650185 0.9323858968750001 0.395276521875 0.8090306328124999 0.395276521875
3 0.6355622953125 0.129291734375 0.7280787421875 0.129291734375 0.7280787421875 0.248792146875 0.6355622953125 0.248792146875
3 0.836014596875 0.09716796875 0.9298159937499999 0.09716796875 0.9298159937499999 0.1806897609375 0.836014596875 0.1806897609375
3 0.3503032484375 0.7422131984375 0.455669203125 0.7422131984375 0.455669203125 0.8450092515625001 0.3503032484375 0.8450092515625001
3 0.455669203125 0.677965665625 0.5160618828125 0.677965665625 0.5160618828125 0.7422131984375 0.455669203125 0.7422131984375
3 0.333598890625 0.5597502046875 0.4106959296875 0.5597502046875 0.4106959296875 0.63170744375 0.333598890625 0.63170744375
3 0.58352179375 0.0155736015625 0.6670435859375 0.0155736015625 0.6670435859375 0.0990953953125 0.58352179375 0.0990953953125
1 0.14787946406250002 0.33872767812500004 0.2483258921875 0.33872767812500004 0.2483258921875 0.46261160781250005 0.14787946406250002 0.46261160781250005
3 0.27064732187499996 0.5574776781249999 0.33872767812500004 0.5574776781249999 0.33872767812500004 0.63671875 0.27064732187499996 0.63671875
1 0.21484375 0.62109375 0.30412946406249997 0.62109375 0.30412946406249997 0.7126116078125 0.21484375 0.7126116078125
3 0.455915178125 0.8097098218750001 0.5597098218750001 0.8097098218750001 0.5597098218750001 0.92578125 0.455915178125 0.92578125
3 0.001953125 0.36216517812500004 0.060825892187499994 0.36216517812500004 0.060825892187499994 0.515234375 0.001953125 0.515234375