1 0.4787983140625 0.21795332968749997 0.5944438734374999 0.21795332968749997 0.5944438734374999 0.346448396875 0.4787983140625 0.346448396875
3 0.58801911875 0.3066149265625 0.701094778125 0.3066149265625 0.701094778125 0.41969058437499995 0.58801911875 0.41969058437499995
3 0.2102436265625 0.45823910312500005 0.31946443125 0.45823910312500005 0.31946443125 0.5520405015625001 0.2102436265625 0.5520405015625001
3 0.3233192859375 0.3837119640625 0.40812602656249997 0.3837119640625 0.40812602656249997 0.48779296875 0.3233192859375 0.48779296875
3 0.067614103125 0.25650185 0.1909693671875 0.25650185 0.1909693671875 0.395276521875 0.067614103125 0.395276521875
3 0.2719212578125 0.129291734375 0.3644377046875 0.129291734375 0.3644377046875 0.248792146875 0.2719212578125 0.248792146875
3 0.07018400625 0.09716796875 0.163985403125 0.09716796875 0.163985403125 0.1806897609375 0.07018400625 0.1806897609375
3 0.544330796875 0.7422131984375 0.6496967515625001 0.7422131984375 0.6496967515625001 0.8450092515625001 0.544330796875 0.8450092515625001
3 0.4839381171875 0.677965665625 0.544330796875 0.677965665625 0.544330796875 0.7422131984375 0.4839381171875 0.7422131984375
3 0.5893040703125 0.5597502046875 0.666401109375 0.5597502046875 0.666401109375 0.63170744375 0.5893040703125 0.63170744375
3 0.3329564140625 0.0155736015625 0.41647820625 0.0155736015625 0.41647820625 0.0990953953125 0.3329564140625 0.0990953953125
1 0.7516741078125 0.33872767812500004 0.8521205359374999 0.33872767812500004 0.8521205359374999 0.46261160781250005 0.7516741078125 0.46261160781250005
3 0.6612723218750001 0.5574776781249999 0.7293526781249999 0.5574776781249999 0.7293526781249999 0.63671875 0.6612723218750001 0.63671875
1 0.6958705359375 0.62109375 0.78515625 0.62109375 0.78515625 0.7126116078125 0.6958705359375 0.7126116078125
3 0.440290178125 0.8097098218750001 0.5440848218750001 0.8097098218750001 0.5440848218750001 0.92578125 0.440290178125 0.92578125
3 0.9391741078125 0.36216517812500004 0.998046875 0.36216517812500004 0.998046875 0.515234375 0.9391741078125 0.515234375