1 0.38515074843749997 0.1994663296875 0.47868067812500004 0.1994663296875 0.47868067812500004 0.30675066093750003 0.38515074843749997 0.30675066093750003
3 0.40853323125 0.4841824375 0.5185684421875 0.4841824375 0.5185684421875 0.5790878078125 0.40853323125 0.5790878078125
1 0.2324768921875 0.2957471390625 0.3191296203125 0.2957471390625 0.3191296203125 0.38515074843749997 0.2324768921875 0.38515074843749997
3 0.0110310296875 0.8748074375 0.11831536093749999 0.8748074375 0.11831536093749999 0.9958461703125 0.0110310296875 0.9958461703125
3 0.39615426875000004 0.8968144796875 0.48005611718749996 0.8968144796875 0.48005611718749996 0.9834672093749999 0.39615426875000004 0.9834672093749999
2 0.7633967875 0.0206591109375 0.9188215234375001 0.0206591109375 0.9188215234375001 0.18708736718750002 0.7633967875 0.18708736718750002
1 0.51953125 0.38225446406249997 0.66015625 0.38225446406249997 0.66015625 0.5228794640625 0.51953125 0.5228794640625
3 0.169084821875 0.086495534375 0.25390625 0.086495534375 0.25390625 0.1657366078125 0.169084821875 0.1657366078125
3 0.018415178125 0.012834821875 0.114397321875 0.012834821875 0.114397321875 0.08984375 0.018415178125 0.08984375
3 0.37109375 0.0373883921875 0.5005580359375 0.0373883921875 0.5005580359375 0.1623883921875 0.37109375 0.1623883921875
3 0.0920758921875 0.5306919640625 0.190290178125 0.5306919640625 0.190290178125 0.6411830359375 0.0920758921875 0.6411830359375
3 0.073102678125 0.6378348218750001 0.176897321875 0.6378348218750001 0.176897321875 0.7025669640625 0.073102678125 0.7025669640625
2 0.1813616078125 0.7572544640625 0.2829241078125 0.7572544640625 0.2829241078125 0.8722098218750001 0.1813616078125 0.8722098218750001
2 0.2248883921875 0.66015625 0.36439732187499996 0.66015625 0.36439732187499996 0.7873883921875 0.2248883921875 0.7873883921875