1 0.521319321875 0.1994663296875 0.6148492515624999 0.1994663296875 0.6148492515624999 0.30675066093750003 0.521319321875 0.30675066093750003
3 0.4814315578125 0.4841824375 0.5914667687499999 0.4841824375 0.5914667687499999 0.5790878078125 0.4814315578125 0.5790878078125
1 0.6808703796875 0.2957471390625 0.7675231078125 0.2957471390625 0.7675231078125 0.38515074843749997 0.6808703796875 0.38515074843749997
3 0.8816846390625 0.8748074375 0.9889689703125001 0.8748074375 0.9889689703125001 0.9958461703125 0.8816846390625 0.9958461703125
3 0.5199438828125 0.8968144796875 0.6038457312500001 0.8968144796875 0.6038457312500001 0.9834672093749999 0.5199438828125 0.9834672093749999
2 0.0811784765625 0.0206591109375 0.2366032125 0.0206591109375 0.2366032125 0.18708736718750002 0.0811784765625 0.18708736718750002
1 0.33984375 0.38225446406249997 0.48046875 0.38225446406249997 0.48046875 0.5228794640625 0.33984375 0.5228794640625
3 0.74609375 0.086495534375 0.8309151781249999 0.086495534375 0.8309151781249999 0.1657366078125 0.74609375 0.1657366078125
3 0.8856026781249999 0.012834821875 0.9815848218750001 0.012834821875 0.9815848218750001 0.08984375 0.8856026781249999 0.08984375
3 0.49944196406249997 0.0373883921875 0.62890625 0.0373883921875 0.62890625 0.1623883921875 0.49944196406249997 0.1623883921875
3 0.8097098218750001 0.5306919640625 0.9079241078125 0.5306919640625 0.9079241078125 0.6411830359375 0.8097098218750001 0.6411830359375
3 0.8231026781249999 0.6378348218750001 0.9268973218750001 0.6378348218750001 0.9268973218750001 0.7025669640625 0.8231026781249999 0.7025669640625
2 0.7170758921875 0.7572544640625 0.8186383921875 0.7572544640625 0.8186383921875 0.8722098218750001 0.7170758921875 0.8722098218750001
2 0.6356026781249999 0.66015625 0.7751116078125 0.66015625 0.7751116078125 0.7873883921875 0.6356026781249999 0.7873883921875