3 0.054129465625 0.14453125 0.130022321875 0.14453125 0.130022321875 0.25055803593750003 0.054129465625 0.25055803593750003
3 0 0.00898208125 0.0764508921875 0.00898208125 0.0764508921875 0.10323660781249999 0 0.10323660781249999
3 0.5385044640625 0.03515625 0.62890625 0.03515625 0.62890625 0.18359375 0.5385044640625 0.18359375
3 0.6735491078125 0.147879465625 0.7505580359375 0.147879465625 0.7505580359375 0.22935267812500001 0.6735491078125 0.22935267812500001
1 0.66796875 0.065290178125 0.7483258921875 0.065290178125 0.7483258921875 0.147879465625 0.66796875 0.147879465625
1 0.6579657515624999 0 0.7572544640625 0 0.7572544640625 0.073102678125 0.6579657515624999 0.073102678125
1 0.7527901781249999 0.29631696406249997 0.8175223218750001 0.29631696406249997 0.8175223218750001 0.3811383921875 0.7527901781249999 0.3811383921875
1 0.44921875 0.5864955359375 0.52734375 0.5864955359375 0.52734375 0.6869419640625 0.44921875 0.6869419640625
1 0.3141741078125 0.6657366078125 0.42243303593750003 0.6657366078125 0.42243303593750003 0.7572544640625 0.3141741078125 0.7572544640625
3 0.61328125 0.78515625 0.7327008921875 0.78515625 0.7327008921875 0.92578125 0.61328125 0.92578125
3 0.8364955359374999 0.8889508921875 0.9324999999999999 0.8889508921875 0.9324999999999999 0.998046875 0.8364955359374999 0.998046875
3 0.7873883921875 0.5027901781249999 0.8688616078125 0.5027901781249999 0.8688616078125 0.6077008921875 0.7873883921875 0.6077008921875
3 0.9001116078125 0.174665178125 0.998046875 0.174665178125 0.998046875 0.2948584609375 0.9001116078125 0.2948584609375
3 0.5027901781249999 0.5005580359375 0.6322544640625 0.5005580359375 0.6322544640625 0.6143973218750001 0.5027901781249999 0.6143973218750001