3 0.8699776781249999 0.14453125 0.9458705343749999 0.14453125 0.9458705343749999 0.25055803593750003 0.8699776781249999 0.25055803593750003
3 0.9235491078125 0.00898208125 1 0.00898208125 1 0.10323660781249999 0.9235491078125 0.10323660781249999
3 0.37109375 0.03515625 0.46149553593750003 0.03515625 0.46149553593750003 0.18359375 0.37109375 0.18359375
3 0.2494419640625 0.147879465625 0.3264508921875 0.147879465625 0.3264508921875 0.22935267812500001 0.2494419640625 0.22935267812500001
1 0.2516741078125 0.065290178125 0.33203125 0.065290178125 0.33203125 0.147879465625 0.2516741078125 0.147879465625
1 0.2427455359375 0 0.34203424843749997 0 0.34203424843749997 0.073102678125 0.2427455359375 0.073102678125
1 0.182477678125 0.29631696406249997 0.24720982187499999 0.29631696406249997 0.24720982187499999 0.3811383921875 0.182477678125 0.3811383921875
1 0.47265625 0.5864955359375 0.55078125 0.5864955359375 0.55078125 0.6869419640625 0.47265625 0.6869419640625
1 0.5775669640625 0.6657366078125 0.6858258921875 0.6657366078125 0.6858258921875 0.7572544640625 0.5775669640625 0.7572544640625
3 0.2672991078125 0.78515625 0.38671875 0.78515625 0.38671875 0.92578125 0.2672991078125 0.92578125
3 0.0675 0.8889508921875 0.16350446406250002 0.8889508921875 0.16350446406250002 0.998046875 0.0675 0.998046875
3 0.1311383921875 0.5027901781249999 0.2126116078125 0.5027901781249999 0.2126116078125 0.6077008921875 0.1311383921875 0.6077008921875
3 0.001953125 0.174665178125 0.0998883921875 0.174665178125 0.0998883921875 0.2948584609375 0.001953125 0.2948584609375
3 0.36774553593750003 0.5005580359375 0.497209821875 0.5005580359375 0.497209821875 0.6143973218750001 0.36774553593750003 0.6143973218750001