1 0.44921875 0.7684151781249999 0.6065848218750001 0.7684151781249999 0.6065848218750001 0.8833705359374999 0.44921875 0.8833705359374999
3 0.73046875 0.6501116078125 0.8286830359374999 0.6501116078125 0.8286830359374999 0.7952008921875 0.73046875 0.7952008921875
2 0.7985491078125 0.36216517812500004 0.9302455359374999 0.36216517812500004 0.9302455359374999 0.471540178125 0.7985491078125 0.471540178125
3 0.7829241078125 0.23046875 0.8766741078125 0.23046875 0.8766741078125 0.30747767812500004 0.7829241078125 0.30747767812500004
3 0.8041294640625001 0.16796875 0.8922991078125 0.16796875 0.8922991078125 0.2483258921875 0.8041294640625001 0.2483258921875
1 0.48604910781250005 0.2360491078125 0.5887276781249999 0.2360491078125 0.5887276781249999 0.3297991078125 0.48604910781250005 0.3297991078125
1 0.419084821875 0.29296875 0.5228794640625 0.29296875 0.5228794640625 0.38337053593750003 0.419084821875 0.38337053593750003
3 0.34319196406249997 0.0954241078125 0.450334821875 0.0954241078125 0.450334821875 0.2025669640625 0.34319196406249997 0.2025669640625
3 0.29296875 0.0920758921875 0.35881696406249997 0.0920758921875 0.35881696406249997 0.15234375 0.29296875 0.15234375
3 0.0686383921875 0.059709821875 0.143415178125 0.059709821875 0.143415178125 0.11662946562500001 0.0686383921875 0.11662946562500001
3 0.6958705359375 0.8565848218750001 0.7829241078125 0.8565848218750001 0.7829241078125 0.9369419640625001 0.6958705359375 0.9369419640625001
1 0.5998883921875 0.6322544640625 0.6902901781249999 0.6322544640625 0.6902901781249999 0.7114955359375 0.5998883921875 0.7114955359375
3 0.5753348218750001 0.7047991078125 0.69140625 0.7047991078125 0.69140625 0.7762276781249999 0.5753348218750001 0.7762276781249999
3 0.6422991078125 0.5931919640625 0.7360491078125 0.5931919640625 0.7360491078125 0.6467633921875 0.6422991078125 0.6467633921875
3 0.6244419640625 0.5284598218750001 0.7260044640625 0.5284598218750001 0.7260044640625 0.6088169640625 0.6244419640625 0.6088169640625
3 0.47042410781250005 0.47265625 0.5563616078125 0.47265625 0.5563616078125 0.5452008921875 0.47042410781250005 0.5452008921875
3 0.5563616078125 0.49274553593750003 0.63671875 0.49274553593750003 0.63671875 0.5775669640625 0.5563616078125 0.5775669640625
1 0.51953125 0.5675223218750001 0.6143973218750001 0.5675223218750001 0.6143973218750001 0.6702008921875 0.51953125 0.6702008921875
3 0.68359375 0.9481026781249999 0.7951712109375 0.9481026781249999 0.7951712109375 0.998046875 0.68359375 0.998046875
3 0.5853794640625 0.060825892187499994 0.6947544640625 0.060825892187499994 0.6947544640625 0.198102678125 0.5853794640625 0.198102678125