1 0.48650801718750003 0.260356703125 0.5995836765625 0.260356703125 0.5995836765625 0.36572265625 0.48650801718750003 0.36572265625
3 0.4543842515625 0.12415193124999999 0.5725997125 0.12415193124999999 0.5725997125 0.2552169 0.4543842515625 0.2552169
3 0.2738486828125 0.36508018125 0.34066611875 0.36508018125 0.34066611875 0.4293277125 0.2738486828125 0.4293277125
3 0.6451994234375 0.9098992593749999 0.7646998359375 0.9098992593749999 0.7646998359375 0.995990953125 0.6451994234375 0.995990953125
3 0.6940275484375 0.3959189953125 0.7672697359375 0.3959189953125 0.7672697359375 0.5 0.6940275484375 0.5
3 0.46402138125 0.43960731875 0.5629625828125 0.43960731875 0.5629625828125 0.56167763125 0.46402138125 0.56167763125
1 0.20703125 0.49357524531249997 0.29743303593750003 0.49357524531249997 0.29743303593750003 0.5574776781249999 0.20703125 0.5574776781249999
3 0.016858553125000002 0.60022615 0.11579975312499999 0.60022615 0.11579975312499999 0.665758634375 0.016858553125000002 0.665758634375
1 0.042557565625 0.7158717109375 0.1620579765625 0.7158717109375 0.1620579765625 0.8405119234375 0.042557565625 0.8405119234375
3 0.2031763984375 0.7854279265625 0.2982627453125 0.7854279265625 0.2982627453125 0.94347685625 0.2031763984375 0.94347685625
2 0.40800921562500003 0.8854851968749999 0.5231291109375 0.8854851968749999 0.5231291109375 0.998046875 0.40800921562500003 0.998046875
3 0.492290296875 0.5758120875 0.548828125 0.5758120875 0.548828125 0.6477693265625 0.492290296875 0.6477693265625
3 0.309827303125 0.629780015625 0.39077919375 0.629780015625 0.39077919375 0.7043071546874999 0.309827303125 0.7043071546874999
3 0.701737253125 0.6195004125 0.848221628125 0.6195004125 0.848221628125 0.726151315625 0.701737253125 0.726151315625
3 0.7210115140625 0.532123765625 0.8212376640624999 0.532123765625 0.8212376640624999 0.615645559375 0.7210115140625 0.615645559375
3 0.70816200625 0.7210115140625 0.8135279609375001 0.7210115140625 0.8135279609375001 0.79039885 0.70816200625 0.79039885
3 0.848221628125 0.6811780421875 0.922748765625 0.6811780421875 0.922748765625 0.741570725 0.848221628125 0.741570725
3 0.7606026781249999 0.8309151781249999 0.8297991078125 0.8309151781249999 0.8297991078125 0.8989955359374999 0.7606026781249999 0.8989955359374999
3 0.0005580359375 0.30524553593750003 0.0719866078125 0.30524553593750003 0.0719866078125 0.41238839218749995 0.0005580359375 0.41238839218749995
3 0 0.2119267453125 0.047433034375 0.2119267453125 0.047433034375 0.2873883921875 0 0.2873883921875
3 0.049665178125 0.0016741078125 0.169084821875 0.0016741078125 0.169084821875 0.10881696562500001 0.049665178125 0.10881696562500001
1 0.23046875 0.00390625 0.3577008921875 0.00390625 0.3577008921875 0.15234375 0.23046875 0.15234375
1 0.48381696406249997 0.6512276781249999 0.5943080359375 0.6512276781249999 0.5943080359375 0.7271205359375 0.48381696406249997 0.7271205359375