1 0.7602025078125 0.5250565375 0.837299546875 0.5250565375 0.837299546875 0.615003084375 0.7602025078125 0.615003084375
3 0.847579153125 0.5379060453125 0.934955796875 0.5379060453125 0.934955796875 0.6201428859375 0.847579153125 0.6201428859375
3 0.7306486421875 0.3862818671875 0.8077456812499999 0.3862818671875 0.8077456812499999 0.48650801718750003 0.7306486421875 0.48650801718750003
1 0.3670076078125 0.3284590875 0.4775133625 0.3284590875 0.4775133625 0.45823910312500005 0.3670076078125 0.45823910312500005
3 0.422260484375 0.0586194484375 0.53662109375 0.0586194484375 0.53662109375 0.1742650078125 0.422260484375 0.1742650078125
3 0.8000359781249999 0.17041015625 0.945235403125 0.17041015625 0.945235403125 0.311754728125 0.8000359781249999 0.311754728125
3 0.6329923921875 0.0470548921875 0.7280787421875 0.0470548921875 0.7280787421875 0.1318616359375 0.6329923921875 0.1318616359375
3 0.2744911609375 0.2616416515625 0.3760022609375 0.2616416515625 0.3760022609375 0.3515881984375 0.2744911609375 0.3515881984375
3 0.626567640625 0.2038188734375 0.7280787421875 0.2038188734375 0.7280787421875 0.275776109375 0.626567640625 0.275776109375
3 0.500642475 0.3515881984375 0.5597502046875 0.3515881984375 0.5597502046875 0.43639494375 0.500642475 0.43639494375
3 0.834087171875 0.309827303125 0.9201788656250001 0.309827303125 0.9201788656250001 0.39977385 0.834087171875 0.39977385
3 0.33537946406249997 0.1579241078125 0.442522321875 0.1579241078125 0.442522321875 0.2483258921875 0.33537946406249997 0.2483258921875
3 0.5574776781249999 0.23828125 0.6657366078125 0.23828125 0.6657366078125 0.3186383921875 0.5574776781249999 0.3186383921875
1 0.7985491078125 0.40011160781250005 0.92578125 0.40011160781250005 0.92578125 0.5005580359375 0.7985491078125 0.5005580359375
3 0.9547991078125 0.39341517812500004 0.998046875 0.39341517812500004 0.998046875 0.5145089281249999 0.9547991078125 0.5145089281249999
3 0.5295758921875 0.00390625 0.6344866078125 0.00390625 0.6344866078125 0.085379465625 0.5295758921875 0.085379465625