3 0.4775133625 0.38939485625 0.5998143984375 0.38939485625 0.5998143984375 0.46209395468750003 0.4775133625 0.46209395468750003
3 0.739015021875 0.31385963437500003 0.8307363609375 0.31385963437500003 0.8307363609375 0.38939485625 0.739015021875 0.38939485625
3 0.590589021875 0.689530221875 0.726793790625 0.689530221875 0.726793790625 0.837299546875 0.590589021875 0.837299546875
3 0.3104697765625 0.359180765625 0.3796831828125 0.359180765625 0.3796831828125 0.44410464687499995 0.3104697765625 0.44410464687499995
3 0.2822008640625 0.58544921875 0.4274002875 0.58544921875 0.4274002875 0.7357884453125 0.2822008640625 0.7357884453125
3 0.1202970796875 0.5507555515625 0.2577868015625 0.5507555515625 0.2577868015625 0.695954975 0.1202970796875 0.695954975
3 0.108732525 0.31817593125 0.229691815625 0.31817593125 0.229691815625 0.422260484375 0.108732525 0.422260484375
3 0.5089946546874999 0.2173108546875 0.59765625 0.2173108546875 0.59765625 0.29183799375 0.5089946546874999 0.29183799375
3 0.519274259375 0.0836759859375 0.6117907078125 0.0836759859375 0.6117907078125 0.163342928125 0.519274259375 0.163342928125
3 0.8032483546875 0.6182154609375 0.9368832250000001 0.6182154609375 0.9368832250000001 0.763414884375 0.8032483546875 0.763414884375
3 0.785259046875 0.46530633125 0.8957648031250001 0.46530633125 0.8957648031250001 0.5629625828125 0.785259046875 0.5629625828125
3 0.434709821875 0.6088169640625 0.5463169640625 0.6088169640625 0.5463169640625 0.7583705359375 0.434709821875 0.7583705359375
1 0.0005580359375 0.5128348218750001 0.0998883921875 0.5128348218750001 0.0998883921875 0.6556919640625 0.0005580359375 0.6556919640625
1 0 0.306419053125 0.07421875 0.306419053125 0.07421875 0.40792410781250005 0 0.40792410781250005