3 0.4001856015625 0.38939485625 0.5224866375 0.38939485625 0.5224866375 0.46209395468750003 0.4001856015625 0.46209395468750003
3 0.1692636390625 0.31385963437500003 0.260984978125 0.31385963437500003 0.260984978125 0.38939485625 0.1692636390625 0.38939485625
3 0.273206209375 0.689530221875 0.40941097812500005 0.689530221875 0.40941097812500005 0.837299546875 0.273206209375 0.837299546875
3 0.6203168171875 0.359180765625 0.6895302234375 0.359180765625 0.6895302234375 0.44410464687499995 0.6203168171875 0.44410464687499995
3 0.5725997125 0.58544921875 0.7177991359375 0.58544921875 0.7177991359375 0.7357884453125 0.5725997125 0.7357884453125
3 0.7422131984375 0.5507555515625 0.8797029203125 0.5507555515625 0.8797029203125 0.695954975 0.7422131984375 0.695954975
3 0.7703081843749999 0.31817593125 0.891267475 0.31817593125 0.891267475 0.422260484375 0.7703081843749999 0.422260484375
3 0.40234375 0.2173108546875 0.4910053453125 0.2173108546875 0.4910053453125 0.29183799375 0.40234375 0.29183799375
3 0.3882092921875 0.0836759859375 0.48072574062499995 0.0836759859375 0.48072574062499995 0.163342928125 0.3882092921875 0.163342928125
3 0.063116775 0.6182154609375 0.1967516453125 0.6182154609375 0.1967516453125 0.763414884375 0.063116775 0.763414884375
3 0.104235196875 0.46530633125 0.21474095312500002 0.46530633125 0.21474095312500002 0.5629625828125 0.104235196875 0.5629625828125
3 0.45368303593750003 0.6088169640625 0.5652901781249999 0.6088169640625 0.5652901781249999 0.7583705359375 0.45368303593750003 0.7583705359375
1 0.9001116078125 0.5128348218750001 0.9994419640625001 0.5128348218750001 0.9994419640625001 0.6556919640625 0.9001116078125 0.6556919640625
1 0.92578125 0.306419053125 1 0.306419053125 1 0.40792410781250005 0.92578125 0.40792410781250005