1 0.479352678125 0.7974330359375 0.6166294640625 0.7974330359375 0.6166294640625 0.9001116078125 0.479352678125 0.9001116078125
3 0.39899553593750003 0.7215401781249999 0.47600446406249997 0.7215401781249999 0.47600446406249997 0.7996651781249999 0.39899553593750003 0.7996651781249999
3 0.184709821875 0.5641741078125 0.26953125 0.5641741078125 0.26953125 0.6478794640625 0.184709821875 0.6478794640625
3 0.122209821875 0.6344866078125 0.2260044640625 0.6344866078125 0.2260044640625 0.7606026781249999 0.122209821875 0.7606026781249999
3 0 0.7491844109375 0.085379465625 0.7491844109375 0.085379465625 0.8498883921875 0 0.8498883921875
1 0.2349330359375 0.8688616078125 0.33649553593750003 0.8688616078125 0.33649553593750003 0.9581473218750001 0.2349330359375 0.9581473218750001
3 0.148995534375 0.8264508921875 0.2360491078125 0.8264508921875 0.2360491078125 0.9090401781249999 0.148995534375 0.9090401781249999
3 0.5954241078125 0.5340401781249999 0.7025669640625 0.5340401781249999 0.7025669640625 0.6378348218750001 0.5954241078125 0.6378348218750001
3 0.58203125 0.6188616078125 0.6612723218750001 0.6188616078125 0.6612723218750001 0.7170758921875 0.58203125 0.7170758921875
3 0.9291294640625001 0.42243303593750003 0.998046875 0.42243303593750003 0.998046875 0.5065528171875 0.9291294640625001 0.5065528171875
0 0.7594866078125 0.5239955359375 0.8934151781249999 0.5239955359375 0.8934151781249999 0.7293526781249999 0.7594866078125 0.7293526781249999
1 0.7003348218750001 0.8643973218750001 0.7885044640625 0.8643973218750001 0.7885044640625 0.9760044640625001 0.7003348218750001 0.9760044640625001
3 0.56640625 0.94140625 0.6969866078125 0.94140625 0.6969866078125 0.998046875 0.56640625 0.998046875