3 0.9458705359374999 0.1579241078125 0.99609375 0.1579241078125 0.99609375 0.26953125 0.9458705359374999 0.26953125
3 0.9235491078125 0.2717633921875 0.998046875 0.2717633921875 0.998046875 0.3948466625 0.9235491078125 0.3948466625
3 0.8688616078125 0.42801339218749995 0.9693080359374999 0.42801339218749995 0.9693080359374999 0.51953125 0.8688616078125 0.51953125
3 0.7896205359375 0.46819196406249997 0.8688616078125 0.46819196406249997 0.8688616078125 0.5608258921875 0.7896205359375 0.5608258921875
3 0.7003348218750001 0.11886160781249999 0.78515625 0.11886160781249999 0.78515625 0.22154017812500001 0.7003348218750001 0.22154017812500001
3 0.6411830359375 0.25725446406249997 0.7371651781249999 0.25725446406249997 0.7371651781249999 0.36216517812500004 0.6411830359375 0.36216517812500004
3 0.440290178125 0.073102678125 0.5150669640625 0.073102678125 0.5150669640625 0.143415178125 0.440290178125 0.143415178125
3 0.39899553593750003 0.155691965625 0.48828125 0.155691965625 0.48828125 0.29408482187499996 0.39899553593750003 0.29408482187499996
3 0.20814732187499999 0.6813616078125 0.35658482187499996 0.6813616078125 0.35658482187499996 0.80859375 0.20814732187499999 0.80859375
3 0.40457589218749995 0.62890625 0.5206473218750001 0.62890625 0.5206473218750001 0.7427455359375 0.40457589218749995 0.7427455359375
1 0.38002232187499996 0.42131696406249997 0.5005580359375 0.42131696406249997 0.5005580359375 0.5262276781249999 0.38002232187499996 0.5262276781249999
3 0.28627232187499996 0.28180803593750003 0.38337053593750003 0.28180803593750003 0.38337053593750003 0.403459821875 0.28627232187499996 0.403459821875
3 0.22265625 0.0797991078125 0.3532366078125 0.0797991078125 0.3532366078125 0.1936383921875 0.22265625 0.1936383921875
3 0.155691965625 0.155691965625 0.2907366078125 0.155691965625 0.2907366078125 0.29296875 0.155691965625 0.29296875
3 0.020647321875 0.0452008921875 0.1501116078125 0.0452008921875 0.1501116078125 0.169084821875 0.020647321875 0.169084821875
3 0.11551339218750001 0.25055803593750003 0.2349330359375 0.25055803593750003 0.2349330359375 0.3766741078125 0.11551339218750001 0.3766741078125
3 0.172433034375 0.46484375 0.26953125 0.46484375 0.26953125 0.5731026781249999 0.172433034375 0.5731026781249999
3 0.5463169640625 0.5965401781249999 0.6478794640625 0.5965401781249999 0.6478794640625 0.7059151781249999 0.5463169640625 0.7059151781249999
3 0.7829241078125 0.6791294640625 0.8900669640625001 0.6791294640625 0.8900669640625001 0.7829241078125 0.7829241078125 0.7829241078125
3 0.8264508921875 0.8030133921875 0.9559151781249999 0.8030133921875 0.9559151781249999 0.9402901781249999 0.8264508921875 0.9402901781249999
3 0.0009280046874999999 0.4444276578125 0.10883546250000001 0.4444276578125 0.10883546250000001 0.5512560421875 0.0009280046874999999 0.5512560421875