3 0.00390625 0.1579241078125 0.0541294640625 0.1579241078125 0.0541294640625 0.26953125 0.00390625 0.26953125
3 0.001953125 0.2717633921875 0.0764508921875 0.2717633921875 0.0764508921875 0.3948466625 0.001953125 0.3948466625
3 0.0306919640625 0.42801339218749995 0.1311383921875 0.42801339218749995 0.1311383921875 0.51953125 0.0306919640625 0.51953125
3 0.1311383921875 0.46819196406249997 0.2103794640625 0.46819196406249997 0.2103794640625 0.5608258921875 0.1311383921875 0.5608258921875
3 0.21484375 0.11886160781249999 0.29966517812500004 0.11886160781249999 0.29966517812500004 0.22154017812500001 0.21484375 0.22154017812500001
3 0.26283482187499996 0.25725446406249997 0.35881696406249997 0.25725446406249997 0.35881696406249997 0.36216517812500004 0.26283482187499996 0.36216517812500004
3 0.48493303593750003 0.073102678125 0.5597098218750001 0.073102678125 0.5597098218750001 0.143415178125 0.48493303593750003 0.143415178125
3 0.51171875 0.155691965625 0.6010044640625 0.155691965625 0.6010044640625 0.29408482187499996 0.51171875 0.29408482187499996
3 0.6434151781249999 0.6813616078125 0.7918526781249999 0.6813616078125 0.7918526781249999 0.80859375 0.6434151781249999 0.80859375
3 0.479352678125 0.62890625 0.5954241078125 0.62890625 0.5954241078125 0.7427455359375 0.479352678125 0.7427455359375
1 0.49944196406249997 0.42131696406249997 0.6199776781249999 0.42131696406249997 0.6199776781249999 0.5262276781249999 0.49944196406249997 0.5262276781249999
3 0.6166294640625 0.28180803593750003 0.7137276781249999 0.28180803593750003 0.7137276781249999 0.403459821875 0.6166294640625 0.403459821875
3 0.6467633921875 0.0797991078125 0.77734375 0.0797991078125 0.77734375 0.1936383921875 0.6467633921875 0.1936383921875
3 0.7092633921875 0.155691965625 0.8443080343749999 0.155691965625 0.8443080343749999 0.29296875 0.7092633921875 0.29296875
3 0.8498883921875 0.0452008921875 0.9793526781249999 0.0452008921875 0.9793526781249999 0.169084821875 0.8498883921875 0.169084821875
3 0.7650669640625 0.25055803593750003 0.8844866078125 0.25055803593750003 0.8844866078125 0.3766741078125 0.7650669640625 0.3766741078125
3 0.73046875 0.46484375 0.8275669656250001 0.46484375 0.8275669656250001 0.5731026781249999 0.73046875 0.5731026781249999
3 0.35212053593750003 0.5965401781249999 0.45368303593750003 0.5965401781249999 0.45368303593750003 0.7059151781249999 0.35212053593750003 0.7059151781249999
3 0.10993303593749999 0.6791294640625 0.2170758921875 0.6791294640625 0.2170758921875 0.7829241078125 0.10993303593749999 0.7829241078125
3 0.044084821875 0.8030133921875 0.1735491078125 0.8030133921875 0.1735491078125 0.9402901781249999 0.044084821875 0.9402901781249999
3 0.8911645375000001 0.4444276578125 0.9990719953125 0.4444276578125 0.9990719953125 0.5512560421875 0.8911645375000001 0.5512560421875