1 0.73828125 0.176897321875 0.83984375 0.176897321875 0.83984375 0.27622767812500004 0.73828125 0.27622767812500004
1 0.7594866078125 0.42354910781250005 0.8353794640625001 0.42354910781250005 0.8353794640625001 0.5306919640625 0.7594866078125 0.5306919640625
3 0.9213169640625001 0.3967633921875 0.998046875 0.3967633921875 0.998046875 0.508569834375 0.9213169640625001 0.508569834375
3 0.8621651781249999 0.38783482187499996 0.9246651781249999 0.38783482187499996 0.9246651781249999 0.489397321875 0.8621651781249999 0.489397321875
3 0.7014508921875 0.50390625 0.7594866078125 0.50390625 0.7594866078125 0.6121651781249999 0.7014508921875 0.6121651781249999
3 0.7996651781249999 0.5139508921875 0.8655133921875 0.5139508921875 0.8655133921875 0.6177455359375 0.7996651781249999 0.6177455359375
3 0.458147321875 0.49832589218749995 0.53515625 0.49832589218749995 0.53515625 0.6043526781249999 0.458147321875 0.6043526781249999
3 0.455915178125 0.27287946406249997 0.54296875 0.27287946406249997 0.54296875 0.40234375 0.455915178125 0.40234375
3 0.3376116078125 0.25055803593750003 0.42243303593750003 0.25055803593750003 0.42243303593750003 0.34430803593750003 0.3376116078125 0.34430803593750003
3 0.3108258921875 0.031808034375 0.41015625 0.031808034375 0.41015625 0.1545758921875 0.3108258921875 0.1545758921875
3 0.184709821875 0.059709821875 0.29408482187499996 0.059709821875 0.29408482187499996 0.1422991078125 0.184709821875 0.1422991078125
3 0.12890625 0.046316965625 0.21484375 0.046316965625 0.21484375 0.12332589218750001 0.12890625 0.12332589218750001
3 0.5373883921875 0.34765625 0.6032366078125 0.34765625 0.6032366078125 0.45926339218749995 0.5373883921875 0.45926339218749995
3 0.5987723218750001 0.36439732187499996 0.6768973218750001 0.36439732187499996 0.6768973218750001 0.494977678125 0.5987723218750001 0.494977678125
3 0.6713169640625 0.38783482187499996 0.7505580359375 0.38783482187499996 0.7505580359375 0.5139508921875 0.6713169640625 0.5139508921875
3 0.7985491078125 0.7483258921875 0.9280133921875 0.7483258921875 0.9280133921875 0.8431919640625001 0.7985491078125 0.8431919640625001
3 0.9268973218750001 0.8878348218750001 0.998046875 0.8878348218750001 0.998046875 0.989477040625 0.9268973218750001 0.989477040625
3 0.7204241078125 0.9123883921875 0.8321054203125 0.9123883921875 0.8321054203125 0.998046875 0.7204241078125 0.998046875
1 0.8889508921875 0.12890625 0.9871651781249999 0.12890625 0.9871651781249999 0.2114955359375 0.8889508921875 0.2114955359375
3 0.58203125 0.11328125 0.6635044640625 0.11328125 0.6635044640625 0.22265625 0.58203125 0.22265625