1 0.16015625 0.176897321875 0.26171875 0.176897321875 0.26171875 0.27622767812500004 0.16015625 0.27622767812500004
1 0.16462053593749998 0.42354910781250005 0.2405133921875 0.42354910781250005 0.2405133921875 0.5306919640625 0.16462053593749998 0.5306919640625
3 0.001953125 0.3967633921875 0.0786830359375 0.3967633921875 0.0786830359375 0.508569834375 0.001953125 0.508569834375
3 0.075334821875 0.38783482187499996 0.137834821875 0.38783482187499996 0.137834821875 0.489397321875 0.075334821875 0.489397321875
3 0.2405133921875 0.50390625 0.2985491078125 0.50390625 0.2985491078125 0.6121651781249999 0.2405133921875 0.6121651781249999
3 0.1344866078125 0.5139508921875 0.20033482187499999 0.5139508921875 0.20033482187499999 0.6177455359375 0.1344866078125 0.6177455359375
3 0.46484375 0.49832589218749995 0.5418526781249999 0.49832589218749995 0.5418526781249999 0.6043526781249999 0.46484375 0.6043526781249999
3 0.45703125 0.27287946406249997 0.5440848218750001 0.27287946406249997 0.5440848218750001 0.40234375 0.45703125 0.40234375
3 0.5775669640625 0.25055803593750003 0.6623883921875 0.25055803593750003 0.6623883921875 0.34430803593750003 0.5775669640625 0.34430803593750003
3 0.58984375 0.031808034375 0.6891741078125 0.031808034375 0.6891741078125 0.1545758921875 0.58984375 0.1545758921875
3 0.7059151781249999 0.059709821875 0.8152901781249999 0.059709821875 0.8152901781249999 0.1422991078125 0.7059151781249999 0.1422991078125
3 0.78515625 0.046316965625 0.87109375 0.046316965625 0.87109375 0.12332589218750001 0.78515625 0.12332589218750001
3 0.3967633921875 0.34765625 0.46261160781250005 0.34765625 0.46261160781250005 0.45926339218749995 0.3967633921875 0.45926339218749995
3 0.32310267812500004 0.36439732187499996 0.401227678125 0.36439732187499996 0.401227678125 0.494977678125 0.32310267812500004 0.494977678125
3 0.2494419640625 0.38783482187499996 0.32868303593750003 0.38783482187499996 0.32868303593750003 0.5139508921875 0.2494419640625 0.5139508921875
3 0.0719866078125 0.7483258921875 0.2014508921875 0.7483258921875 0.2014508921875 0.8431919640625001 0.0719866078125 0.8431919640625001
3 0.001953125 0.8878348218750001 0.073102678125 0.8878348218750001 0.073102678125 0.989477040625 0.001953125 0.989477040625
3 0.1678945796875 0.9123883921875 0.2795758921875 0.9123883921875 0.2795758921875 0.998046875 0.1678945796875 0.998046875
1 0.012834821875 0.12890625 0.11104910781249999 0.12890625 0.11104910781249999 0.2114955359375 0.012834821875 0.2114955359375
3 0.33649553593750003 0.11328125 0.41796875 0.11328125 0.41796875 0.22265625 0.33649553593750003 0.22265625