3 0.5463169640625 0.098772321875 0.6824776781249999 0.098772321875 0.6824776781249999 0.2193080359375 0.5463169640625 0.2193080359375
2 0.48046875 0.29743303593750003 0.6088169640625 0.29743303593750003 0.6088169640625 0.42912946406249997 0.48046875 0.42912946406249997
2 0.41015625 0.2427455359375 0.5094866078125 0.2427455359375 0.5094866078125 0.33984375 0.41015625 0.33984375
3 0.5139508921875 0.5373883921875 0.5909598218750001 0.5373883921875 0.5909598218750001 0.6233258921875 0.5139508921875 0.6233258921875
3 0.8722098218750001 0.6824776781249999 0.9938616078125 0.6824776781249999 0.9938616078125 0.8197544640625001 0.8722098218750001 0.8197544640625001
3 0.5530133921875 0.73046875 0.65234375 0.73046875 0.65234375 0.8286830359374999 0.5530133921875 0.8286830359374999
3 0.41350446406249997 0.5909598218750001 0.5184151781249999 0.5909598218750001 0.5184151781249999 0.6902901781249999 0.41350446406249997 0.6902901781249999
1 0.41238839218749995 0.52734375 0.471540178125 0.52734375 0.471540178125 0.5786830359375 0.41238839218749995 0.5786830359375
2 0.39118303593750003 0.36328125 0.48381696406249997 0.36328125 0.48381696406249997 0.48493303593750003 0.39118303593750003 0.48493303593750003
3 0.188058034375 0.2248883921875 0.30859375 0.2248883921875 0.30859375 0.34095982187499996 0.188058034375 0.34095982187499996
3 0.0797991078125 0.22935267812500001 0.1858258921875 0.22935267812500001 0.1858258921875 0.31529017812500004 0.0797991078125 0.31529017812500004
3 0.005022321875 0.2103794640625 0.075334821875 0.2103794640625 0.075334821875 0.30189732187499996 0.005022321875 0.30189732187499996
3 0.0485491078125 0.38337053593750003 0.1389508921875 0.38337053593750003 0.1389508921875 0.48828125 0.0485491078125 0.48828125
3 0.163504465625 0.44698660781250005 0.2483258921875 0.44698660781250005 0.2483258921875 0.5251116078125 0.163504465625 0.5251116078125
3 0.25390625 0.39341517812500004 0.3498883921875 0.39341517812500004 0.3498883921875 0.45926339218749995 0.25390625 0.45926339218749995
1 0.0005580359375 0.7829241078125 0.073102678125 0.7829241078125 0.073102678125 0.8911830359374999 0.0005580359375 0.8911830359374999
3 0.0239955359375 0.6579241078125 0.127790178125 0.6579241078125 0.127790178125 0.7806919640625 0.0239955359375 0.7806919640625
3 0.1657366078125 0.5731026781249999 0.26953125 0.5731026781249999 0.26953125 0.6702008921875 0.1657366078125 0.6702008921875
3 0.059709821875 0.487165178125 0.1501116078125 0.487165178125 0.1501116078125 0.6411830359375 0.059709821875 0.6411830359375
2 0.24497767812500001 0.7516741078125 0.3889508921875 0.7516741078125 0.3889508921875 0.8856026781249999 0.24497767812500001 0.8856026781249999
2 0.39341517812500004 0.6813616078125 0.47042410781250005 0.6813616078125 0.47042410781250005 0.8141741078125 0.39341517812500004 0.8141741078125
3 0.047433034375 0.8744419640625001 0.155691965625 0.8744419640625001 0.155691965625 0.9849330359374999 0.047433034375 0.9849330359374999
2 0.141183034375 0.0005580359375 0.25055803593750003 0.0005580359375 0.25055803593750003 0.0842633921875 0.141183034375 0.0842633921875