3 0.31752232187499996 0.098772321875 0.45368303593750003 0.098772321875 0.45368303593750003 0.2193080359375 0.31752232187499996 0.2193080359375
2 0.39118303593750003 0.29743303593750003 0.51953125 0.29743303593750003 0.51953125 0.42912946406249997 0.39118303593750003 0.42912946406249997
2 0.49051339218749995 0.2427455359375 0.58984375 0.2427455359375 0.58984375 0.33984375 0.49051339218749995 0.33984375
3 0.409040178125 0.5373883921875 0.48604910781250005 0.5373883921875 0.48604910781250005 0.6233258921875 0.409040178125 0.6233258921875
3 0.006138392187499999 0.6824776781249999 0.127790178125 0.6824776781249999 0.127790178125 0.8197544640625001 0.006138392187499999 0.8197544640625001
3 0.34765625 0.73046875 0.44698660781250005 0.73046875 0.44698660781250005 0.8286830359374999 0.34765625 0.8286830359374999
3 0.481584821875 0.5909598218750001 0.5864955359375 0.5909598218750001 0.5864955359375 0.6902901781249999 0.481584821875 0.6902901781249999
1 0.5284598218750001 0.52734375 0.5876116078125 0.52734375 0.5876116078125 0.5786830359375 0.5284598218750001 0.5786830359375
2 0.5161830359375 0.36328125 0.6088169640625 0.36328125 0.6088169640625 0.48493303593750003 0.5161830359375 0.48493303593750003
3 0.69140625 0.2248883921875 0.8119419656250001 0.2248883921875 0.8119419656250001 0.34095982187499996 0.69140625 0.34095982187499996
3 0.8141741078125 0.22935267812500001 0.9202008921875 0.22935267812500001 0.9202008921875 0.31529017812500004 0.8141741078125 0.31529017812500004
3 0.9246651781249999 0.2103794640625 0.9949776781249999 0.2103794640625 0.9949776781249999 0.30189732187499996 0.9246651781249999 0.30189732187499996
3 0.8610491078125 0.38337053593750003 0.9514508921875 0.38337053593750003 0.9514508921875 0.48828125 0.8610491078125 0.48828125
3 0.7516741078125 0.44698660781250005 0.8364955343749999 0.44698660781250005 0.8364955343749999 0.5251116078125 0.7516741078125 0.5251116078125
3 0.6501116078125 0.39341517812500004 0.74609375 0.39341517812500004 0.74609375 0.45926339218749995 0.6501116078125 0.45926339218749995
1 0.9268973218750001 0.7829241078125 0.9994419640625001 0.7829241078125 0.9994419640625001 0.8911830359374999 0.9268973218750001 0.8911830359374999
3 0.8722098218750001 0.6579241078125 0.9760044640625001 0.6579241078125 0.9760044640625001 0.7806919640625 0.8722098218750001 0.7806919640625
3 0.73046875 0.5731026781249999 0.8342633921875 0.5731026781249999 0.8342633921875 0.6702008921875 0.73046875 0.6702008921875
3 0.8498883921875 0.487165178125 0.9402901781249999 0.487165178125 0.9402901781249999 0.6411830359375 0.8498883921875 0.6411830359375
2 0.6110491078125 0.7516741078125 0.7550223218750001 0.7516741078125 0.7550223218750001 0.8856026781249999 0.6110491078125 0.8856026781249999
2 0.5295758921875 0.6813616078125 0.6065848218750001 0.6813616078125 0.6065848218750001 0.8141741078125 0.5295758921875 0.8141741078125
3 0.8443080343749999 0.8744419640625001 0.9525669656250001 0.8744419640625001 0.9525669656250001 0.9849330359374999 0.8443080343749999 0.9849330359374999
2 0.7494419640625 0.0005580359375 0.8588169656250001 0.0005580359375 0.8588169656250001 0.0842633921875 0.7494419640625 0.0842633921875