0 0.001953125 0.11886160781249999 0.1623883921875 0.11886160781249999 0.1623883921875 0.43650190312500003 0.001953125 0.43650190312500003
2 0.39787946406249997 0.30970982187499996 0.5161830359375 0.30970982187499996 0.5161830359375 0.40234375 0.39787946406249997 0.40234375
3 0.5150669640625 0.424665178125 0.5887276781249999 0.424665178125 0.5887276781249999 0.494977678125 0.5150669640625 0.494977678125
3 0.40011160781250005 0.440290178125 0.5005580359375 0.440290178125 0.5005580359375 0.5407366078125 0.40011160781250005 0.5407366078125
3 0.43136160781250005 0.53515625 0.49274553593750003 0.53515625 0.49274553593750003 0.6021205359375 0.43136160781250005 0.6021205359375
3 0.5318080359375 0.49609375 0.6099330359375 0.49609375 0.6099330359375 0.5686383921875 0.5318080359375 0.5686383921875
1 0.5518973218750001 0.5920758921875 0.7025669640625 0.5920758921875 0.7025669640625 0.7829241078125 0.5518973218750001 0.7829241078125
3 0.30189732187499996 0.6143973218750001 0.39564732187499996 0.6143973218750001 0.39564732187499996 0.7092633921875 0.30189732187499996 0.7092633921875
3 0.2204241078125 0.5608258921875 0.30078125 0.5608258921875 0.30078125 0.6501116078125 0.2204241078125 0.6501116078125
3 0.28850446406249997 0.5050223218750001 0.38337053593750003 0.5050223218750001 0.38337053593750003 0.5719866078125 0.28850446406249997 0.5719866078125
1 0.27287946406249997 0.448102678125 0.34877232187499996 0.448102678125 0.34877232187499996 0.5005580359375 0.27287946406249997 0.5005580359375
3 0.29631696406249997 0.39564732187499996 0.3610491078125 0.39564732187499996 0.3610491078125 0.44921875 0.29631696406249997 0.44921875