0 0.8376116078125 0.11886160781249999 0.998046875 0.11886160781249999 0.998046875 0.43650190312500003 0.8376116078125 0.43650190312500003
2 0.48381696406249997 0.30970982187499996 0.6021205359375 0.30970982187499996 0.6021205359375 0.40234375 0.48381696406249997 0.40234375
3 0.411272321875 0.424665178125 0.48493303593750003 0.424665178125 0.48493303593750003 0.494977678125 0.411272321875 0.494977678125
3 0.49944196406249997 0.440290178125 0.5998883921875 0.440290178125 0.5998883921875 0.5407366078125 0.49944196406249997 0.5407366078125
3 0.5072544640625 0.53515625 0.5686383921875 0.53515625 0.5686383921875 0.6021205359375 0.5072544640625 0.6021205359375
3 0.39006696406249997 0.49609375 0.46819196406249997 0.49609375 0.46819196406249997 0.5686383921875 0.39006696406249997 0.5686383921875
1 0.29743303593750003 0.5920758921875 0.448102678125 0.5920758921875 0.448102678125 0.7829241078125 0.29743303593750003 0.7829241078125
3 0.6043526781249999 0.6143973218750001 0.6981026781249999 0.6143973218750001 0.6981026781249999 0.7092633921875 0.6043526781249999 0.7092633921875
3 0.69921875 0.5608258921875 0.7795758921875 0.5608258921875 0.7795758921875 0.6501116078125 0.69921875 0.6501116078125
3 0.6166294640625 0.5050223218750001 0.7114955359375 0.5050223218750001 0.7114955359375 0.5719866078125 0.6166294640625 0.5719866078125
1 0.6512276781249999 0.448102678125 0.7271205359375 0.448102678125 0.7271205359375 0.5005580359375 0.6512276781249999 0.5005580359375
3 0.6389508921875 0.39564732187499996 0.7036830359375 0.39564732187499996 0.7036830359375 0.44921875 0.6389508921875 0.44921875