3 0.5938415531250001 0.227630615625 0.6747131343749999 0.227630615625 0.6747131343749999 0.3359680171875 0.5938415531250001 0.3359680171875
1 0.5404357906249999 0.3146057125 0.6365661625000001 0.3146057125 0.6365661625000001 0.41683960000000003 0.5404357906249999 0.41683960000000003
3 0.5465393062499999 0.5572204593750001 0.6487731937500001 0.5572204593750001 0.6487731937500001 0.6487731937500001 0.5465393062499999 0.6487731937500001
3 0.7357482906249999 0.5114440921875001 0.827301025 0.5114440921875001 0.827301025 0.6014709468749999 0.7357482906249999 0.6014709468749999
3 0.7235412593749999 0.3588562015625 0.7815246578124999 0.3588562015625 0.7815246578124999 0.46414184531249997 0.7235412593749999 0.46414184531249997
3 0.7830505375000001 0.3771667484375 0.84408569375 0.3771667484375 0.84408569375 0.47329711874999997 0.7830505375000001 0.47329711874999997
3 0.6350402828124999 0.6701354984375001 0.7433776859375001 0.6701354984375001 0.7433776859375001 0.7510070796874999 0.6350402828124999 0.7510070796874999
3 0.8318786625 0.6945495609375001 0.9508972171875 0.6945495609375001 0.9508972171875 0.7815246578124999 0.8318786625 0.7815246578124999
2 0.7235412593749999 0.7418518062499999 0.84408569375 0.7418518062499999 0.84408569375 0.8425598140625 0.7235412593749999 0.8425598140625
2 0.5877380375000001 0.8608703609375 0.7265930171874999 0.8608703609375 0.7265930171874999 0.9890441890625 0.5877380375000001 0.9890441890625
2 0.48397827187500003 0.91732788125 0.6075744624999999 0.91732788125 0.6075744624999999 0.9936218265625 0.48397827187500003 0.9936218265625