3 0.325286865625 0.227630615625 0.40615844687499997 0.227630615625 0.40615844687499997 0.3359680171875 0.325286865625 0.3359680171875
1 0.3634338375 0.3146057125 0.45956420937500003 0.3146057125 0.45956420937500003 0.41683960000000003 0.3634338375 0.41683960000000003
3 0.35122680625 0.5572204593750001 0.45346069375000003 0.5572204593750001 0.45346069375000003 0.6487731937500001 0.35122680625 0.6487731937500001
3 0.172698975 0.5114440921875001 0.264251709375 0.5114440921875001 0.264251709375 0.6014709468749999 0.172698975 0.6014709468749999
3 0.2184753421875 0.3588562015625 0.276458740625 0.3588562015625 0.276458740625 0.46414184531249997 0.2184753421875 0.46414184531249997
3 0.15591430625 0.3771667484375 0.2169494625 0.3771667484375 0.2169494625 0.47329711874999997 0.15591430625 0.47329711874999997
3 0.2566223140625 0.6701354984375001 0.3649597171875 0.6701354984375001 0.3649597171875 0.7510070796874999 0.2566223140625 0.7510070796874999
3 0.0491027828125 0.6945495609375001 0.1681213375 0.6945495609375001 0.1681213375 0.7815246578124999 0.0491027828125 0.7815246578124999
2 0.15591430625 0.7418518062499999 0.276458740625 0.7418518062499999 0.276458740625 0.8425598140625 0.15591430625 0.8425598140625
2 0.2734069828125 0.8608703609375 0.41226196249999997 0.8608703609375 0.41226196249999997 0.9890441890625 0.2734069828125 0.9890441890625
2 0.3924255375 0.91732788125 0.5160217281249999 0.91732788125 0.5160217281249999 0.9936218265625 0.3924255375 0.9936218265625