1 0.6534598218750001 0.5909598218750001 0.7472098218750001 0.5909598218750001 0.7472098218750001 0.6958705359375 0.6534598218750001 0.6958705359375
1 0.2260044640625 0.3219866078125 0.34654017812500004 0.3219866078125 0.34654017812500004 0.44475446406249997 0.2260044640625 0.44475446406249997
3 0.419084821875 0.166852678125 0.5306919640625 0.166852678125 0.5306919640625 0.26283482187499996 0.419084821875 0.26283482187499996
3 0.5050223218750001 0.053013392187499994 0.6556919640625 0.053013392187499994 0.6556919640625 0.1422991078125 0.5050223218750001 0.1422991078125
3 0.409040178125 0.005022321875 0.49609375 0.005022321875 0.49609375 0.11328125 0.409040178125 0.11328125
3 0.22935267812500001 0.0072544640625 0.33984375 0.0072544640625 0.33984375 0.10546875 0.22935267812500001 0.10546875
3 0.0228794640625 0.0005580359375 0.1389508921875 0.0005580359375 0.1389508921875 0.112165178125 0.0228794640625 0.112165178125
3 0.44921875 0.6635044640625 0.5541294640625 0.6635044640625 0.5541294640625 0.78515625 0.44921875 0.78515625
1 0.3186383921875 0.8018973218750001 0.42578125 0.8018973218750001 0.42578125 0.8978794640625001 0.3186383921875 0.8978794640625001
3 0.27734375 0.6869419640625 0.39118303593750003 0.6869419640625 0.39118303593750003 0.7985491078125 0.27734375 0.7985491078125
1 0.172433034375 0.7427455359375 0.2873883921875 0.7427455359375 0.2873883921875 0.8364955359374999 0.172433034375 0.8364955359374999
1 0.080915178125 0.7081473218750001 0.18359375 0.7081473218750001 0.18359375 0.83203125 0.080915178125 0.83203125
3 0.23716517812500001 0.9280133921875 0.3538876484375 0.9280133921875 0.3538876484375 0.998046875 0.23716517812500001 0.998046875