1 0.25279017812500004 0.5909598218750001 0.34654017812500004 0.5909598218750001 0.34654017812500004 0.6958705359375 0.25279017812500004 0.6958705359375
1 0.6534598218750001 0.3219866078125 0.7739955359375 0.3219866078125 0.7739955359375 0.44475446406249997 0.6534598218750001 0.44475446406249997
3 0.46930803593750003 0.166852678125 0.5809151781249999 0.166852678125 0.5809151781249999 0.26283482187499996 0.46930803593750003 0.26283482187499996
3 0.34430803593750003 0.053013392187499994 0.494977678125 0.053013392187499994 0.494977678125 0.1422991078125 0.34430803593750003 0.1422991078125
3 0.50390625 0.005022321875 0.5909598218750001 0.005022321875 0.5909598218750001 0.11328125 0.50390625 0.11328125
3 0.66015625 0.0072544640625 0.7706473218750001 0.0072544640625 0.7706473218750001 0.10546875 0.66015625 0.10546875
3 0.8610491078125 0.0005580359375 0.9771205359374999 0.0005580359375 0.9771205359374999 0.112165178125 0.8610491078125 0.112165178125
3 0.44587053593750003 0.6635044640625 0.55078125 0.6635044640625 0.55078125 0.78515625 0.44587053593750003 0.78515625
1 0.57421875 0.8018973218750001 0.6813616078125 0.8018973218750001 0.6813616078125 0.8978794640625001 0.57421875 0.8978794640625001
3 0.6088169640625 0.6869419640625 0.72265625 0.6869419640625 0.72265625 0.7985491078125 0.6088169640625 0.7985491078125
1 0.7126116078125 0.7427455359375 0.8275669656250001 0.7427455359375 0.8275669656250001 0.8364955359374999 0.7126116078125 0.8364955359374999
1 0.81640625 0.7081473218750001 0.9190848218750001 0.7081473218750001 0.9190848218750001 0.83203125 0.81640625 0.83203125
3 0.6461123515625 0.9280133921875 0.7628348218750001 0.9280133921875 0.7628348218750001 0.998046875 0.6461123515625 0.998046875