2 0.2963353203125 0.650981703125 0.53405119375 0.650981703125 0.53405119375 0.8565738062499999 0.2963353203125 0.8565738062499999
2 0.212813528125 0.7704821140625 0.324604234375 0.7704821140625 0.324604234375 0.8771330171875 0.212813528125 0.8771330171875
1 0.349018296875 0.311754728125 0.4351099921875 0.311754728125 0.4351099921875 0.3837119640625 0.349018296875 0.3837119640625
3 0.34130859375 0.3837119640625 0.4967876234375 0.3837119640625 0.4967876234375 0.504497328125 0.34130859375 0.504497328125
3 0.2667814546875 0.12415193124999999 0.3772872125 0.12415193124999999 0.3772872125 0.224378084375 0.2667814546875 0.224378084375
3 0.104877671875 0.12415193124999999 0.20253392187500002 0.12415193124999999 0.20253392187500002 0.19482421875 0.104877671875 0.19482421875
2 0.591231496875 0.09781044375 0.7287212171874999 0.09781044375 0.7287212171874999 0.20831620156250003 0.591231496875 0.20831620156250003
3 0.250719571875 0.40876850468750003 0.3278166109375 0.40876850468750003 0.3278166109375 0.507709703125 0.250719571875 0.507709703125
3 0.36636513125 0.174907484375 0.46145148125 0.174907484375 0.46145148125 0.2944078953125 0.36636513125 0.2944078953125
3 0.11662946562500001 0.5027901781249999 0.2349330359375 0.5027901781249999 0.2349330359375 0.5965401781249999 0.11662946562500001 0.5965401781249999
3 0 0.2099658609375 0.0842633921875 0.2099658609375 0.0842633921875 0.3219866078125 0 0.3219866078125
1 0.5228794640625 0.43694196406249997 0.6155133921875 0.43694196406249997 0.6155133921875 0.5139508921875 0.5228794640625 0.5139508921875
1 0.5697544640625 0.47265625 0.6947544640625 0.47265625 0.6947544640625 0.5775669640625 0.5697544640625 0.5775669640625
1 0.7204241078125 0.3030133921875 0.8454241078125 0.3030133921875 0.8454241078125 0.42801339218749995 0.7204241078125 0.42801339218749995
0 0.6032366078125 0.21595982187499999 0.7483258921875 0.21595982187499999 0.7483258921875 0.33091517812500004 0.6032366078125 0.33091517812500004