2 0.46594880625 0.650981703125 0.7036646796875 0.650981703125 0.7036646796875 0.8565738062499999 0.46594880625 0.8565738062499999
2 0.675395765625 0.7704821140625 0.787186471875 0.7704821140625 0.787186471875 0.8771330171875 0.675395765625 0.8771330171875
1 0.5648900078125 0.311754728125 0.650981703125 0.311754728125 0.650981703125 0.3837119640625 0.5648900078125 0.3837119640625
3 0.5032123765625001 0.3837119640625 0.65869140625 0.3837119640625 0.65869140625 0.504497328125 0.5032123765625001 0.504497328125
3 0.6227127875 0.12415193124999999 0.7332185453125 0.12415193124999999 0.7332185453125 0.224378084375 0.6227127875 0.224378084375
3 0.797466078125 0.12415193124999999 0.895122328125 0.12415193124999999 0.895122328125 0.19482421875 0.797466078125 0.19482421875
2 0.2712787828125 0.09781044375 0.408768503125 0.09781044375 0.408768503125 0.20831620156250003 0.2712787828125 0.20831620156250003
3 0.6721833890625 0.40876850468750003 0.749280428125 0.40876850468750003 0.749280428125 0.507709703125 0.6721833890625 0.507709703125
3 0.53854851875 0.174907484375 0.63363486875 0.174907484375 0.63363486875 0.2944078953125 0.53854851875 0.2944078953125
3 0.7650669640625 0.5027901781249999 0.8833705343749999 0.5027901781249999 0.8833705343749999 0.5965401781249999 0.7650669640625 0.5965401781249999
3 0.9157366078125 0.2099658609375 1 0.2099658609375 1 0.3219866078125 0.9157366078125 0.3219866078125
1 0.3844866078125 0.43694196406249997 0.47712053593750003 0.43694196406249997 0.47712053593750003 0.5139508921875 0.3844866078125 0.5139508921875
1 0.30524553593750003 0.47265625 0.43024553593750003 0.47265625 0.43024553593750003 0.5775669640625 0.30524553593750003 0.5775669640625
1 0.1545758921875 0.3030133921875 0.2795758921875 0.3030133921875 0.2795758921875 0.42801339218749995 0.1545758921875 0.42801339218749995
0 0.2516741078125 0.21595982187499999 0.3967633921875 0.21595982187499999 0.3967633921875 0.33091517812500004 0.2516741078125 0.33091517812500004