1 0.2416294640625 0.12444196562500001 0.34430803593750003 0.12444196562500001 0.34430803593750003 0.23939732187499999 0.2416294640625 0.23939732187499999
3 0.32310267812500004 0.2025669640625 0.42354910781250005 0.2025669640625 0.42354910781250005 0.3030133921875 0.32310267812500004 0.3030133921875
3 0.159040178125 0.29408482187499996 0.26283482187499996 0.29408482187499996 0.26283482187499996 0.39564732187499996 0.159040178125 0.39564732187499996
1 0.018415178125 0.44363839218749995 0.11104910781249999 0.44363839218749995 0.11104910781249999 0.5340401781249999 0.018415178125 0.5340401781249999
1 0.19140625 0.46707589218749995 0.27064732187499996 0.46707589218749995 0.27064732187499996 0.5463169640625 0.19140625 0.5463169640625
3 0.41573660781250005 0.5306919640625 0.48604910781250005 0.5306919640625 0.48604910781250005 0.6121651781249999 0.41573660781250005 0.6121651781249999
1 0.5061383921875 0.6110491078125 0.6043526781249999 0.6110491078125 0.6043526781249999 0.7081473218750001 0.5061383921875 0.7081473218750001
3 0.47600446406249997 0.55859375 0.5775669640625 0.55859375 0.5775669640625 0.6356026781249999 0.47600446406249997 0.6356026781249999
3 0.38337053593750003 0.6255580359375 0.47600446406249997 0.6255580359375 0.47600446406249997 0.7092633921875 0.38337053593750003 0.7092633921875
1 0.45256696406249997 0.7561383921875 0.5396205359375 0.7561383921875 0.5396205359375 0.8666294640625001 0.45256696406249997 0.8666294640625001
3 0.6110491078125 0.6411830359375 0.7059151781249999 0.6411830359375 0.7059151781249999 0.73046875 0.6110491078125 0.73046875
3 0.6065848218750001 0.5050223218750001 0.75390625 0.5050223218750001 0.75390625 0.6456473218750001 0.6065848218750001 0.6456473218750001
3 0.7416294640625 0.6880580359375 0.8420758921875 0.6880580359375 0.8420758921875 0.7784598218750001 0.7416294640625 0.7784598218750001
3 0.7092633921875 0.3186383921875 0.8253348218750001 0.3186383921875 0.8253348218750001 0.43136160781250005 0.7092633921875 0.43136160781250005
1 0.6244419640625 0.38002232187499996 0.7706473218750001 0.38002232187499996 0.7706473218750001 0.497209821875 0.6244419640625 0.497209821875
1 0.7237723218750001 0.47823660781250005 0.8309151781249999 0.47823660781250005 0.8309151781249999 0.6266741078125 0.7237723218750001 0.6266741078125
3 0.5161830359375 0.2907366078125 0.5853794640625 0.2907366078125 0.5853794640625 0.38783482187499996 0.5161830359375 0.38783482187499996
1 0.1038089515625 0 0.192522321875 0 0.192522321875 0.086495534375 0.1038089515625 0.086495534375