1 0.6556919640625 0.12444196562500001 0.7583705359375 0.12444196562500001 0.7583705359375 0.23939732187499999 0.6556919640625 0.23939732187499999
3 0.5764508921875 0.2025669640625 0.6768973218750001 0.2025669640625 0.6768973218750001 0.3030133921875 0.5764508921875 0.3030133921875
3 0.7371651781249999 0.29408482187499996 0.8409598218750001 0.29408482187499996 0.8409598218750001 0.39564732187499996 0.7371651781249999 0.39564732187499996
1 0.8889508921875 0.44363839218749995 0.9815848218750001 0.44363839218749995 0.9815848218750001 0.5340401781249999 0.8889508921875 0.5340401781249999
1 0.7293526781249999 0.46707589218749995 0.80859375 0.46707589218749995 0.80859375 0.5463169640625 0.7293526781249999 0.5463169640625
3 0.5139508921875 0.5306919640625 0.5842633921875 0.5306919640625 0.5842633921875 0.6121651781249999 0.5139508921875 0.6121651781249999
1 0.39564732187499996 0.6110491078125 0.49386160781250005 0.6110491078125 0.49386160781250005 0.7081473218750001 0.39564732187499996 0.7081473218750001
3 0.42243303593750003 0.55859375 0.5239955359375 0.55859375 0.5239955359375 0.6356026781249999 0.42243303593750003 0.6356026781249999
3 0.5239955359375 0.6255580359375 0.6166294640625 0.6255580359375 0.6166294640625 0.7092633921875 0.5239955359375 0.7092633921875
1 0.46037946406249997 0.7561383921875 0.5474330359375 0.7561383921875 0.5474330359375 0.8666294640625001 0.46037946406249997 0.8666294640625001
3 0.29408482187499996 0.6411830359375 0.3889508921875 0.6411830359375 0.3889508921875 0.73046875 0.29408482187499996 0.73046875
3 0.24609375 0.5050223218750001 0.39341517812500004 0.5050223218750001 0.39341517812500004 0.6456473218750001 0.24609375 0.6456473218750001
3 0.1579241078125 0.6880580359375 0.25837053593750003 0.6880580359375 0.25837053593750003 0.7784598218750001 0.1579241078125 0.7784598218750001
3 0.174665178125 0.3186383921875 0.2907366078125 0.3186383921875 0.2907366078125 0.43136160781250005 0.174665178125 0.43136160781250005
1 0.22935267812500001 0.38002232187499996 0.37555803593750003 0.38002232187499996 0.37555803593750003 0.497209821875 0.22935267812500001 0.497209821875
1 0.169084821875 0.47823660781250005 0.27622767812500004 0.47823660781250005 0.27622767812500004 0.6266741078125 0.169084821875 0.6266741078125
3 0.41462053593750003 0.2907366078125 0.48381696406249997 0.2907366078125 0.48381696406249997 0.38783482187499996 0.41462053593750003 0.38783482187499996
1 0.8074776781249999 0 0.8961910484375 0 0.8961910484375 0.086495534375 0.8074776781249999 0.086495534375