1 0.7165141859374999 0.1588456 0.8167403375 0.1588456 0.8167403375 0.260356703125 0.7165141859374999 0.260356703125
3 0.80517578125 0.110017475 0.9066868828124999 0.110017475 0.9066868828124999 0.214098478125 0.80517578125 0.214098478125
3 0.49421772343750003 0.39013671875 0.580309415625 0.39013671875 0.580309415625 0.48265316562500005 0.49421772343750003 0.48265316562500005
3 0.3503032484375 0.2783460109375 0.44410464687499995 0.2783460109375 0.44410464687499995 0.3554430515625 0.3503032484375 0.3554430515625
3 0.15756065 0.225663034375 0.24365234375 0.225663034375 0.24365234375 0.29505036875 0.15756065 0.29505036875
3 0.6445569484375 0.566174959375 0.7280787421875 0.566174959375 0.7280787421875 0.6381321953125 0.6445569484375 0.6381321953125
3 0.604723478125 0.788471421875 0.694670025 0.788471421875 0.694670025 0.8681383640625 0.604723478125 0.8681383640625
3 0.48907792031249997 0.2770610609375 0.58801911875 0.2770610609375 0.58801911875 0.370862459375 0.48907792031249997 0.370862459375
3 0.29077674062500003 0 0.4299701890625 0 0.4299701890625 0.1074475734375 0.29077674062500003 0.1074475734375
0 0.604723478125 0.0007966703125 0.7088044828125 0.0007966703125 0.7088044828125 0.1421412421875 0.604723478125 0.1421412421875
1 0.6978824 0.448601975 0.776264390625 0.448601975 0.776264390625 0.506424753125 0.6978824 0.506424753125